<?xml version="1.0"?>
<!DOCTYPE Section SYSTEM "section.dtd">

<Section index="11" thickness="0.05" alignLocked="true">
<Transform dim="0"
 xcoef=" 0 1 0 0 0 0"
 ycoef=" 0 0 1 0 0 0">
<Image mag="0.00254" contrast="1" brightness="0" red="true" green="true" blue="true"
 src="../images/mystery2_11.jpg" />
<Contour name="domain1" type="line" hidden="false" closed="true" simplified="false" border="1 0 1" fill="1 0 1" mode="11"
 points="0 0,
	511 0,
	511 399,
	0 399,
	"/>
</Transform>

<Transform dim="0"
 xcoef=" 0 1 0 0 0 0"
 ycoef=" 0 0 1 0 0 0">
<Contour name="BezierBunny" type="bezier" hidden="false" closed="true" simplified="false" border="0.0 1.0 1.0" fill="0.0 1.0 1.0" mode="13"
 points="0.3339318529481088 0.5770620282000751,
	0.2867943699910949 0.5140466562470145,
	0.2619851684347718 0.48278706228604734,
	0.24858819959435738 0.46492443716549475,
	0.24461872734534568 0.4510312842939538,
	0.2456110954075986 0.4341610272356541,
	0.2639699045592777 0.40587853746144575,
	0.2867943699910949 0.38900828040314606,
	0.3111073875162916 0.38305407202962855,
	0.3393898772904999 0.3820617039673756,
	0.35377921419316727 0.3870235442786402,
	0.3701532872203405 0.38801591234089317,
	0.3820617039673756 0.3780922317183639,
	0.3959548568389165 0.35427539822429377,
	0.4227487945197455 0.31061120348516513,
	0.44160378770255104 0.28778673805334787,
	0.4639320691032418 0.27240503308842756,
	0.4758404858502769 0.2575195121546337,
	0.5125581041536351 0.21931334175789613,
	0.5423291460212227 0.20839729307311397,
	0.5641612433907871 0.20095453260621704,
	0.6127872784411804 0.18656519570354965,
	0.6609171294604471 0.18606901167242318,
	0.7090469804797139 0.19549650826382597,
	0.7313752618804047 0.19847361245058473,
	0.7581691995612336 0.19599269229495242,
	0.7849631372420626 0.19996216454396412,
	0.8117570749228915 0.2079011090419875,
	0.8301158840745706 0.21534386950888443,
	0.8514517974130085 0.2173286056333903,
	0.8837037594362285 0.2312217585049312,
	0.9278641382064836 0.26099280037251893,
	0.9655741245720947 0.31259593960967097,
	0.9953451664396824 0.38404644009188144,
	1.0062612151244645 0.4445808918893098,
	1.000307006750947 0.5075962638423704,
	0.9869100379105326 0.5358787536165788,
	0.980955829537015 0.5567184829238901,
	0.9740092531012445 0.585497156729225,
	0.9591237321674507 0.6098101742544216,
	0.9372916347978864 0.6321384556551124,
	0.9174442735528279 0.6584362093048148,
	0.889657967809746 0.6946576435770465,
	0.8559174536931466 0.7293905257558989,
	0.8271387798878119 0.754199727312222,
	0.7978639220513506 0.7705738003393953,
	0.7745432725884069 0.7839707691798097,
	0.7517188071565897 0.7978639220513506,
	0.7338561820360371 0.8072914186427534,
	0.7125202686975992 0.8117570749228915,
	0.6946576435770465 0.819696019420915,
	0.6782835705498733 0.8246578597321795,
	0.6480163446511592 0.8246578597321795,
	0.6331308237173653 0.8236654916699266,
	0.6197338548769509 0.8271387798878119,
	0.5969093894451336 0.8380548285725941,
	0.5760696601378222 0.8469861411328703,
	0.5552299308305108 0.8499632453196291,
	0.5428253300523492 0.8459937730706174,
	0.5289321771808083 0.8291235160123177,
	0.5036267915933588 0.7963753699579712,
	0.46343588507211536 0.7437798626585663,
	0.3989319610256753 0.6609171294604471,
	"/>
</Transform>

</Section>