<?xml version="1.0"?>
<!DOCTYPE Section SYSTEM "section.dtd">

<Section index="16" thickness="0.05" alignLocked="true">
<Transform dim="0"
 xcoef=" 0 1 0 0 0 0"
 ycoef=" 0 0 1 0 0 0">
<Image mag="0.00254" contrast="1" brightness="0" red="true" green="true" blue="true"
 src="../images/mystery2_16.jpg" />
<Contour name="domain1" type="line" hidden="false" closed="true" simplified="false" border="1 0 1" fill="1 0 1" mode="11"
 points="0 0,
	511 0,
	511 399,
	0 399,
	"/>
</Transform>

<Transform dim="0"
 xcoef=" 0 1 0 0 0 0"
 ycoef=" 0 0 1 0 0 0">
<Contour name="BezierBunny" type="bezier" hidden="false" closed="true" simplified="false" border="0.0 1.0 1.0" fill="0.0 1.0 1.0" mode="13"
 points="0.20125224302489295 0.6263331024909329,
	0.1760957126467813 0.5908559442653908,
	0.1483590253068121 0.5515085505970624,
	0.1315880050547377 0.5231268240166288,
	0.12965288733334449 0.49926037211944596,
	0.1470689468258833 0.4779740771841207,
	0.1715804379635305 0.4553977037678667,
	0.20060720378442853 0.44959235060368713,
	0.22963396960532656 0.46055801769158194,
	0.24640498985740097 0.47281376326040553,
	0.2631760101094754 0.47732903794365633,
	0.275431755678299 0.47216872401994114,
	0.2876875012471226 0.4592679392106531,
	0.30768371770151903 0.4321762911111483,
	0.33929064048427465 0.3908937797214267,
	0.3754128379502811 0.36896244554563706,
	0.4121800746567519 0.34896622909124064,
	0.4392717227562567 0.34122575820566786,
	0.4573328214892599 0.3250997771940578,
	0.46571833161529713 0.3005882860564106,
	0.48313439110783596 0.24898514681925857,
	0.5186115493333779 0.21931334175789616,
	0.5547337467993844 0.20899271391046575,
	0.596016258189106 0.21479806707464535,
	0.6372987695788277 0.22124845947928937,
	0.6624552999569393 0.21479806707464535,
	0.6985774974229457 0.19802704682257094,
	0.745665361976847 0.19157665441792693,
	0.790818108809355 0.19028657593699813,
	0.8372609341227918 0.19286673289885573,
	0.8643525822222966 0.20060720378442853,
	0.8959595050050522 0.21415302783418094,
	0.9314366632305943 0.24382483289554338,
	0.9746542923417091 0.298008129094553,
	1.0043260974030714 0.3708975632670303,
	1.0094864113267867 0.4373366050348635,
	1.0049711366435359 0.48313439110783596,
	0.9798146062654243 0.5289321771808083,
	0.9611084682919566 0.5547337467993844,
	0.9514328796849907 0.5715047670514588,
	0.9378870556352382 0.592791061986784,
	0.919825956902235 0.608917042998394,
	0.9088602898143402 0.6295582986932549,
	0.9088602898143402 0.6566499467927597,
	0.8959595050050522 0.6914820657778373,
	0.864997621462761 0.7230889885605929,
	0.8327456594395409 0.7521157543814909,
	0.7785623632405313 0.7875929126070329,
	0.7359897733698809 0.8082341683018938,
	0.7043828505871252 0.8256502277944325,
	0.6708408100829765 0.8333906986800054,
	0.6424590835025429 0.8333906986800054,
	0.5973063366700349 0.823070070832575,
	0.566989492368208 0.8108143252637514,
	0.5489283936352047 0.7959784227330702,
	0.5340924911045236 0.7850127556451754,
	0.5211917062952356 0.7663066176717077,
	0.5108710784478051 0.7469554404577757,
	0.49990541135991035 0.7359897733698809,
	0.48764966579108676 0.7321195379270945,
	0.4779740771841207 0.7392149695722029,
	0.4805542341459783 0.7559859898242773,
	0.49216494047433756 0.7824325986833177,
	0.5057107645240899 0.8140395214660734,
	0.5057107645240899 0.8340357379204698,
	0.4960351759171239 0.8546769936153306,
	0.47281376326040553 0.8733831315887982,
	0.4521725075655447 0.881123602474371,
	0.4321762911111483 0.8869289556385506,
	0.41734038858046707 0.8849938379171575,
	0.40572968225210787 0.8740281708292627,
	0.39669913288560626 0.8643525822222966,
	0.37605787719074546 0.8430662872869714,
	0.36251205314099305 0.8250051885539682,
	0.34703111136984743 0.8037188936186429,
	0.33026009111777305 0.7914631480498193,
	0.2934928544113022 0.7463104012173113,
	0.22963396960532656 0.6650354569187968,
	"/>
</Transform>

</Section>