<?xml version="1.0"?>
<!DOCTYPE Section SYSTEM "section.dtd">

<Section index="12" thickness="0.05" alignLocked="true">
<Transform dim="0"
 xcoef=" 0 1 0 0 0 0"
 ycoef=" 0 0 1 0 0 0">
<Image mag="0.00254" contrast="1" brightness="0" red="true" green="true" blue="true"
 src="../images/mystery2_12.jpg" />
<Contour name="domain1" type="line" hidden="false" closed="true" simplified="false" border="1 0 1" fill="1 0 1" mode="11"
 points="0 0,
	511 0,
	511 399,
	0 399,
	"/>
</Transform>

<Transform dim="0"
 xcoef=" 0 1 0 0 0 0"
 ycoef=" 0 0 1 0 0 0">
<Contour name="BezierBunny" type="bezier" hidden="false" closed="true" simplified="false" border="0.0 1.0 1.0" fill="0.0 1.0 1.0" mode="13"
 points="0.33800056200334583 0.6263331024909329,
	0.3051035607396614 0.583115473379818,
	0.272206559475977 0.5392528050282388,
	0.24705002909786536 0.5057107645240899,
	0.23156908732671977 0.48764966579108676,
	0.22834389112439776 0.47732903794365633,
	0.23221412656718415 0.46313817465343954,
	0.24769506833832977 0.4534625860464735,
	0.2702714417545838 0.4321762911111483,
	0.2999432468159462 0.4141151923781451,
	0.32767993415591545 0.4089548784544299,
	0.35283646453402706 0.4115350354162875,
	0.3708975632670303 0.4147602316186095,
	0.3818632303549251 0.40637472149257226,
	0.39411897592374867 0.3863785050381759,
	0.4179854278209315 0.3360654442819526,
	0.4270159771874331 0.3038134822587326,
	0.44701219364182954 0.272206559475977,
	0.4644282531343683 0.2580156961857602,
	0.48764966579108676 0.23350420504811295,
	0.5257069809784863 0.20770263542953693,
	0.5495734328756692 0.20060720378442853,
	0.5837605126202824 0.18706137973467613,
	0.6340735733765056 0.17932090884910332,
	0.6682606531211188 0.18254610505142532,
	0.6947072619801593 0.19093161517746254,
	0.7076080467894473 0.19480185062024893,
	0.7334096164080233 0.19157665441792693,
	0.7675966961526365 0.19286673289885573,
	0.8024288151377141 0.20189728226535733,
	0.8224250315921106 0.20963775315093014,
	0.8385510126037206 0.20963775315093014,
	0.8637075429818322 0.21286294935325215,
	0.9017648581692318 0.22769885188393335,
	0.9307916239901298 0.24834010757879418,
	0.9591733505705634 0.2793019911210854,
	0.9791695670249598 0.3218745809917358,
	1.0049711366435359 0.3844433873167827,
	1.0127116075291087 0.4283060556683619,
	1.0120665682886443 0.4805542341459783,
	1.0056161758840003 0.5186115493333779,
	0.9907802733533191 0.5463482366733472,
	0.9778794885440311 0.5682795708491368,
	0.9720741353798514 0.5876307480630688,
	0.9533679974063839 0.6224628670481465,
	0.9236961923450214 0.6598751429950817,
	0.8914442303218014 0.6953523012206236,
	0.8611273860199746 0.7250241062819861,
	0.842421248046507 0.7443752834959181,
	0.8185547961493241 0.761791342988457,
	0.8011387366567854 0.7708218923549586,
	0.7863028341261041 0.7817875594428534,
	0.7650165391907789 0.7888829910879618,
	0.7514707151410265 0.7966234619735345,
	0.7308294594461657 0.8075891290614293,
	0.7127683607131625 0.813394482225609,
	0.6972874189420168 0.8204899138707173,
	0.6856767126136577 0.8275853455158257,
	0.6618102607164749 0.8340357379204698,
	0.6340735733765056 0.835970855641863,
	0.612142239200716 0.8327456594395409,
	0.5915009835058552 0.8372609341227918,
	0.5708597278109944 0.8488716404511509,
	0.5482833543947404 0.8611273860199746,
	0.5289321771808083 0.8624174645009034,
	0.5134512354096628 0.8527418758939374,
	0.5005504506003747 0.8321006201990766,
	0.46765344933669034 0.7914631480498193,
	0.4237907809851111 0.7346996948889521,
	0.37025252402656583 0.6676156138806545,
	"/>
</Transform>

</Section>