<?xml version="1.0"?>
<!DOCTYPE Section SYSTEM "section.dtd">

<Section index="15" thickness="0.05" alignLocked="true">
<Transform dim="0"
 xcoef=" 0 1 0 0 0 0"
 ycoef=" 0 0 1 0 0 0">
<Image mag="0.00254" contrast="1" brightness="0" red="true" green="true" blue="true"
 src="../images/mystery2_15.jpg" />
<Contour name="domain1" type="line" hidden="false" closed="true" simplified="false" border="1 0 1" fill="1 0 1" mode="11"
 points="0 0,
	511 0,
	511 399,
	0 399,
	"/>
</Transform>

<Transform dim="0"
 xcoef=" 0 1 0 0 0 0"
 ycoef=" 0 0 1 0 0 0">
<Contour name="BezierBunny" type="bezier" hidden="false" closed="true" simplified="false" border="0.0 1.0 1.0" fill="0.0 1.0 1.0" mode="13"
 points="0.24640498985740097 0.6463293189453293,
	0.20899271391046575 0.592791061986784,
	0.17803083036817452 0.5469932759138115,
	0.15609949619238492 0.5186115493333779,
	0.14126359366170368 0.49797029363851714,
	0.1335231227761309 0.4760389594627275,
	0.1438437506235613 0.4579778607297243,
	0.16383996707795773 0.4437869974395075,
	0.18448122277281853 0.4366915657943991,
	0.21286294935325215 0.4405618012371855,
	0.23350420504811295 0.44701219364182954,
	0.2586607354262246 0.45410762528693793,
	0.28252718732340737 0.4463671544013651,
	0.3051035607396614 0.42895109490882627,
	0.33026009111777305 0.4095999176948943,
	0.36509221010285065 0.3889586620000335,
	0.3908937797214267 0.37928307339306744,
	0.41992054554232466 0.37154260250749466,
	0.4450770759204363 0.34380591516752546,
	0.45410762528693793 0.294782932892231,
	0.4663633708557615 0.24317979365507897,
	0.48635958731015794 0.21995838099836054,
	0.5269970594594152 0.19931712530349974,
	0.5547337467993844 0.19157665441792693,
	0.5979513759104992 0.19286673289885573,
	0.6334285341360413 0.20318736074628613,
	0.6521346721095088 0.21286294935325215,
	0.6682606531211188 0.21286294935325215,
	0.6869667910945865 0.20705759618907255,
	0.7314744986866301 0.19867208606303532,
	0.7792074024809957 0.19351177213932014,
	0.8166196784279309 0.19480185062024893,
	0.8566121113367238 0.19867208606303532,
	0.8759632885506559 0.20576751770814375,
	0.9082152505738759 0.21995838099836054,
	0.9443374480398823 0.24769506833832977,
	0.9765894100631023 0.2954279721326954,
	1.0023909796816783 0.35735173921727786,
	1.0172268822123596 0.4212106240232535,
	1.0075512936053934 0.48829470503155115,
	0.9933604303151767 0.5205466670547712,
	0.9804596455058887 0.5418329619900963,
	0.9714290961393871 0.5631192569254216,
	0.9636886252538143 0.5850505911012112,
	0.948852722723133 0.6050468075556076,
	0.932726741711523 0.6160124746435024,
	0.9224061138640927 0.6308483771741836,
	0.9172457999403775 0.6521346721095088,
	0.9114404467761978 0.6772912024876204,
	0.897249583485981 0.6979324581824813,
	0.8804785632339066 0.7095431645108405,
	0.8688678569055474 0.7263141847629149,
	0.8430662872869714 0.7482455189387045,
	0.8121044037446802 0.7708218923549586,
	0.7798524417214602 0.7863028341261041,
	0.7534058328624197 0.797268501213999,
	0.7230889885605929 0.8146845607065377,
	0.6747110455257629 0.8333906986800054,
	0.6392338873002208 0.839196051844185,
	0.6050468075556076 0.8372609341227918,
	0.5721498062919232 0.8314555809586122,
	0.5495734328756692 0.8327456594395409,
	0.531512334142666 0.8508067581725441,
	0.5128061961691983 0.8695128961460118,
	0.4824893518673715 0.8895091126004082,
	0.46507329237483275 0.8991847012073743,
	0.4534625860464735 0.8985396619669098,
	0.4431419581990431 0.8888640733599438,
	0.4115350354162875 0.852096836653473,
	0.349611268331705 0.7727570100763518,
	0.2812371088424786 0.6869667910945865,
	"/>
</Transform>

</Section>