<?xml version="1.0"?>
<!DOCTYPE Section SYSTEM "section.dtd">

<Section index="17" thickness="0.05" alignLocked="true">
<Transform dim="0"
 xcoef=" 0 1 0 0 0 0"
 ycoef=" 0 0 1 0 0 0">
<Image mag="0.00254" contrast="1" brightness="0" red="true" green="true" blue="true"
 src="../images/mystery2_17.jpg" />
<Contour name="domain1" type="line" hidden="false" closed="true" simplified="false" border="1 0 1" fill="1 0 1" mode="11"
 points="0 0,
	511 0,
	511 399,
	0 399,
	"/>
</Transform>

<Transform dim="0"
 xcoef=" 0 1 0 0 0 0"
 ycoef=" 0 0 1 0 0 0">
<Contour name="BezierBunny" type="bezier" hidden="false" closed="true" simplified="false" border="0.0 1.0 1.0" fill="0.0 1.0 1.0" mode="13"
 points="0.22189349871975375 0.6966423797015525,
	0.20447743922721495 0.6721308885639052,
	0.19222169365839134 0.6501995543881156,
	0.19673696834164214 0.6302033379337192,
	0.22060342023882495 0.6153674354030381,
	0.23930955821229258 0.6063368860365365,
	0.2638210493499398 0.605691846796072,
	0.2928478151708378 0.605691846796072,
	0.31413411010616304 0.5985964151509636,
	0.32574481643452224 0.5818253948988892,
	0.31477914934662743 0.55408870755892,
	0.3018783645373394 0.5276420986998795,
	0.2986531683350174 0.49345501895526633,
	0.3218745809917358 0.4276610164278975,
	0.35541662149588465 0.36767236706470824,
	0.39218385820235546 0.34445095440798984,
	0.4386266835157923 0.32122954175127144,
	0.4618480961725107 0.3115539531443054,
	0.47474888098179874 0.3038134822587326,
	0.4805542341459783 0.2902676582089802,
	0.48829470503155115 0.27801191264015657,
	0.5108710784478051 0.2567256177048314,
	0.5263520202189508 0.24575995061693656,
	0.5495734328756692 0.23995459745275696,
	0.5773101202156384 0.23285916580764857,
	0.6127872784411804 0.22640877340300455,
	0.6450392404644004 0.21737822403650295,
	0.670195770842512 0.20512247846767934,
	0.7018026936252677 0.19867208606303532,
	0.7295393809652368 0.19415681137978452,
	0.7708218923549586 0.19028657593699813,
	0.8043639328591073 0.19738200758210653,
	0.8288754239967546 0.19867208606303532,
	0.871448013867405 0.21028279239139455,
	0.9127305252571266 0.23479428352904178,
	0.9482076834826687 0.2747867164378346,
	0.9914253125937835 0.35606166073634904,
	1.000455861960285 0.4250808594660399,
	0.9965856265174987 0.4779740771841207,
	0.9746542923417091 0.5263520202189508,
	0.9475626442422043 0.5618291784444928,
	0.9269213885473434 0.5811803556584249,
	0.9049900543715538 0.5998864936318924,
	0.890799191081337 0.61859263160536,
	0.8914442303218014 0.637943808819292,
	0.8901541518408727 0.6721308885639052,
	0.8798335239934422 0.6998675759038745,
	0.8546769936153306 0.7276042632438438,
	0.8346807771609341 0.7540508721028841,
	0.8011387366567854 0.7759822062786738,
	0.7630814214693857 0.7959784227330702,
	0.7282493024843081 0.8153295999470022,
	0.6818064771708713 0.8269403062753614,
	0.6418140442620784 0.8224250315921106,
	0.5947261797081772 0.8017837758972498,
	0.5695696493300656 0.7734020493168161,
	0.5424780012305608 0.7411500872935961,
	0.5257069809784863 0.7172836353964133,
	0.508935960726412 0.7114782822322336,
	0.47732903794365633 0.7198637923582709,
	0.4444320366799719 0.7385699303317385,
	0.4141151923781451 0.7540508721028841,
	0.37863803415260305 0.7708218923549586,
	0.343160875927061 0.7914631480498193,
	0.32832497339637984 0.7998486581758566,
	0.3128440316252342 0.8017837758972498,
	0.2967180506136242 0.7914631480498193,
	0.26898136327365496 0.7598562252670638,
	0.23801947973136375 0.7172836353964133,
	"/>
</Transform>

<Transform dim="0"
 xcoef=" 0 1 0 0 0 0"
 ycoef=" 0 0 1 0 0 0">
<Contour name="BezierBunny" type="bezier" hidden="false" closed="true" simplified="false" border="0.0 1.0 1.0" fill="0.0 1.0 1.0" mode="13"
 points="0.17586641103239684 0.5681160356388779,
	0.1673520104982741 0.557546434975829,
	0.1670584104798561 0.5402240338891655,
	0.16999441066403634 0.5290672331892806,
	0.16882001059036422 0.5152680323236335,
	0.17234321081138054 0.5038176316053304,
	0.18173841140075733 0.49471603103437173,
	0.18702321173228176 0.49148643083177346,
	0.19876721246900275 0.49471603103437173,
	0.21403441342674004 0.5085152319000189,
	0.22020001381351856 0.5273056330787724,
	0.21667681359250227 0.5546104347916487,
	0.20552001289261732 0.5707584358046401,
	0.18966561189804398 0.5728136359335663,
	"/>
</Transform>

</Section>