<?xml version="1.0"?>
<!DOCTYPE Section SYSTEM "section.dtd">

<Section index="14" thickness="0.05" alignLocked="true">
<Transform dim="0"
 xcoef=" 0 1 0 0 0 0"
 ycoef=" 0 0 1 0 0 0">
<Image mag="0.00254" contrast="1" brightness="0" red="true" green="true" blue="true"
 src="../images/mystery2_14.jpg" />
<Contour name="domain1" type="line" hidden="false" closed="true" simplified="false" border="1 0 1" fill="1 0 1" mode="11"
 points="0 0,
	511 0,
	511 399,
	0 399,
	"/>
</Transform>

<Transform dim="0"
 xcoef=" 0 1 0 0 0 0"
 ycoef=" 0 0 1 0 0 0">
<Contour name="BezierBunny" type="bezier" hidden="false" closed="true" simplified="false" border="0.0 1.0 1.0" fill="0.0 1.0 1.0" mode="13"
 points="0.2557580588441348 0.60627238211249,
	0.22473167137779712 0.564344831482304,
	0.1828041207476111 0.5056462606000435,
	0.1626788964451218 0.47797407718412077,
	0.15680903935689575 0.4603645059194426,
	0.16938730454595155 0.44527058769257566,
	0.2037678960627041 0.44191638364216074,
	0.2507267527685125 0.4461091387051794,
	0.28259169124745387 0.44443203667997194,
	0.3102638746633766 0.43772362857914215,
	0.3647696904826185 0.4192755063018603,
	0.40082738402457846 0.4041815880749933,
	0.42514536339008635 0.384056363772504,
	0.4360465265539347 0.3463215682053366,
	0.4469476897177831 0.29097720137349103,
	0.4645572609824612 0.2356328345416455,
	0.4972607504740063 0.207122100113119,
	0.5333184440159663 0.1953823859366669,
	0.5685375865453226 0.18028846770979992,
	0.6071109331250937 0.1786113656845925,
	0.6532312388182984 0.1911896308736483,
	0.67838776919641 0.20544499808791156,
	0.7136069117257662 0.207122100113119,
	0.7664356255198006 0.20460644707530784,
	0.8251341964020611 0.20041369201228923,
	0.870415951082662 0.20125224302489295,
	0.9156977057632629 0.2230545693525897,
	0.957625256393449 0.26246646694496456,
	1.005422664111861 0.3580612823817887,
	1.0196780313261242 0.44527058769257566,
	1.0104539701874833 0.49977640351181746,
	0.9903287458849941 0.5475738112302295,
	0.9660107665194861 0.591178463885623,
	0.9408542361413745 0.6255590554023756,
	0.9240832158893001 0.6523926878056946,
	0.9140206037380555 0.6750335651459951,
	0.8964110324733773 0.6968358914736918,
	0.8746087061456805 0.7169611157761812,
	0.8528063798179839 0.7404405441290853,
	0.8318426045028908 0.7597272174189709,
	0.8083631761499867 0.7723054826080267,
	0.783206645771875 0.7790138907088564,
	0.768112727545008 0.7915921558979122,
	0.7463104012173113 0.804170421086968,
	0.7169611157761812 0.8201028903264388,
	0.6943202384358806 0.8209414413390425,
	0.6750335651459951 0.8326811555154946,
	0.6549083408435058 0.8410666656415318,
	0.6087880351503011 0.840228114628928,
	0.5760845456587561 0.840228114628928,
	0.5576364233814742 0.8460979717171541,
	0.5341569950285701 0.8637075429818323,
	0.5098390156630621 0.8771243591834917,
	0.4930679954109877 0.8897026243725475,
	0.477135526171517 0.8897026243725475,
	0.46623436300766863 0.8771243591834917,
	0.4435934856673682 0.8511292777927764,
	0.40082738402457846 0.7949463599483272,
	0.29181575238609475 0.654069789830902,
	"/>
</Transform>

</Section>