<?xml version="1.0"?>
<!DOCTYPE Section SYSTEM "section.dtd">

<Section index="18" thickness="0.05" alignLocked="true">
<Transform dim="0"
 xcoef=" 0 1 0 0 0 0"
 ycoef=" 0 0 1 0 0 0">
<Image mag="0.00254" contrast="1" brightness="0" red="true" green="true" blue="true"
 src="../images/mystery2_18.jpg" />
<Contour name="domain1" type="line" hidden="false" closed="true" simplified="false" border="1 0 1" fill="1 0 1" mode="11"
 points="0 0,
	511 0,
	511 399,
	0 399,
	"/>
</Transform>

<Transform dim="0"
 xcoef=" 0 1 0 0 0 0"
 ycoef=" 0 0 1 0 0 0">
<Contour name="BezierBunny" type="bezier" hidden="false" closed="true" simplified="false" border="0.0 1.0 1.0" fill="0.0 1.0 1.0" mode="13"
 points="0.18606901167242318 0.6797721226432527,
	0.19152703601481427 0.6619094975227001,
	0.2118705812909992 0.6460316085266533,
	0.24064925509633397 0.6351155598418712,
	0.2649622726215306 0.6346193758107447,
	0.28778673805334787 0.6375964799975035,
	0.30118370689376234 0.6366041119352506,
	0.3205348841076943 0.6212224069703303,
	0.3364127731037411 0.6013750457252718,
	0.3408784293838793 0.5820238685113397,
	0.3314509327924765 0.5621765072662812,
	0.32301580426332666 0.5274436250874289,
	0.31805396395206204 0.4763366698814034,
	0.3264890924812119 0.4143136659905956,
	0.3612219746600642 0.3522906620997879,
	0.4038938013369399 0.32599290845008544,
	0.4252297146753778 0.311603571547418,
	0.4440847078581833 0.2977104186758771,
	0.4733595656946446 0.2912600262712331,
	0.4872527185661855 0.2743897692129334,
	0.49965731934434704 0.26645082471491,
	0.520993232682785 0.2525576718433691,
	0.5487795384258668 0.24908438362548385,
	0.5790467643245809 0.23221412656718413,
	0.6296575354994801 0.22179426191352844,
	0.6931690914836672 0.2054201888863552,
	0.7383218383161751 0.19996216454396412,
	0.7834745851486832 0.1989697964817112,
	0.839047196634847 0.2118705812909992,
	0.8975969123077695 0.23767215090957522,
	0.9353068986733806 0.2758783213063128,
	0.9715283329456122 0.33839750922824696,
	0.988398590003912 0.4108403777727104,
	0.9874062219416591 0.45847404476085074,
	0.9754978051946239 0.5011458714377265,
	0.9596199161985772 0.5289321771808083,
	0.9437420272025304 0.5557261148616373,
	0.9189328256462073 0.5701154517643047,
	0.9005740164945282 0.5879780768848573,
	0.8817190233117227 0.6078254381299157,
	0.8698106065646876 0.6321384556551124,
	0.8717953426891935 0.6648866017094589,
	0.8688182385024347 0.6926729074525407,
	0.8509556133818821 0.7214515812578755,
	0.8296197000434442 0.7427874945963133,
	0.791909713677833 0.7740470885572804,
	0.7408027584718075 0.8018333943003623,
	0.70259658807507 0.8177112832964091,
	0.6718331781452294 0.8167189152341562,
	0.6326346396862388 0.7998486581758565,
	0.6033597818497776 0.7809936649930509,
	0.5835124206047191 0.7527111752188426,
	0.5591994030795225 0.7239325014135078,
	0.5338940174920729 0.7090469804797139,
	0.49866495128209415 0.7110317166042198,
	0.45847404476085074 0.7259172375380136,
	0.42473353064425134 0.7308790778492783,
	0.3929777526521578 0.73484855009829,
	0.3592372385355584 0.7412989425029339,
	0.3359165890726147 0.759657751654613,
	0.3155730437964297 0.7775203767751657,
	0.29225239433348604 0.7869478733665685,
	0.27637450533743924 0.791909713677833,
	0.26297753649702477 0.7884364254599479,
	0.24362635928309276 0.7675966961526365,
	0.22129807788240197 0.7422913105651869,
	0.1989697964817112 0.7085507964485875,
	"/>
</Transform>

</Section>