<?xml version="1.0"?>
<!DOCTYPE Section SYSTEM "section.dtd">

<Section index="10" thickness="0.05" alignLocked="true">
<Transform dim="0"
 xcoef=" 0 1 0 0 0 0"
 ycoef=" 0 0 1 0 0 0">
<Image mag="0.00254" contrast="1" brightness="0" red="true" green="true" blue="true"
 src="../images/mystery2_10.jpg" />
<Contour name="domain1" type="line" hidden="false" closed="true" simplified="false" border="1 0 1" fill="1 0 1" mode="11"
 points="0 0,
	511 0,
	511 399,
	0 399,
	"/>
</Transform>

<Transform dim="0"
 xcoef=" 0 1 0 0 0 0"
 ycoef=" 0 0 1 0 0 0">
<Contour name="BezierBunny" type="bezier" hidden="false" closed="true" simplified="false" border="0.0 1.0 1.0" fill="0.0 1.0 1.0" mode="13"
 points="0.2848096338665891 0.4679015413522535,
	0.26446608859040416 0.4391228675469187,
	0.25503859199900136 0.42175642645749256,
	0.25702332812350726 0.3989319610256753,
	0.2773668733996922 0.3805731518739962,
	0.305153179142774 0.3701532872203405,
	0.3403822453527528 0.36767236706470824,
	0.3602296065978113 0.37362657543822575,
	0.3756113115627316 0.3775960476872375,
	0.3865273602475138 0.3716418393137199,
	0.3944663047455372 0.3532830301620408,
	0.4148098500217221 0.3314509327924765,
	0.4272144507998836 0.31061120348516513,
	0.4535122044495861 0.2788554254930716,
	0.47881759003703567 0.2639699045592777,
	0.494199295001956 0.25156530378111613,
	0.520993232682785 0.22824465431817245,
	0.5413367779589698 0.22179426191352844,
	0.5750772920755692 0.2158400535400109,
	0.6142758305345597 0.2014507166373435,
	0.6559552891491826 0.1964888763260789,
	0.6827492268300115 0.19946598051283765,
	0.7060698762929551 0.20492400485522874,
	0.7184744770711168 0.2103820291976198,
	0.7333599980049106 0.20740492501086105,
	0.7561844634367278 0.20393163679297582,
	0.7869478733665685 0.21087821322874628,
	0.8281311479500648 0.22179426191352844,
	0.8688182385024347 0.23965688703408106,
	0.9204213777395867 0.2753821372751863,
	0.9506886036383009 0.3160692278275562,
	0.9769863572880033 0.3731303914070993,
	0.9928642462840501 0.42026787436411317,
	0.9933604303151766 0.4703824615078858,
	0.9864138538794062 0.5175199444648997,
	0.9754978051946239 0.5641612433907871,
	0.9571389960429448 0.6068330700676628,
	0.9382840028601394 0.6271766153438477,
	0.9065282248680457 0.6638942336472059,
	0.8782457350938374 0.6956500116392995,
	0.8554212696620201 0.7169859249777374,
	0.8459937730706174 0.7279019736625195,
	0.8206883874831679 0.7497340710320838,
	0.8038181304248682 0.7616424877791189,
	0.7765280087129127 0.7844669532109362,
	0.7556882794056013 0.7963753699579712,
	0.7229401333512548 0.8062990505805004,
	0.6936652755147936 0.8107647068606386,
	0.6614133134915736 0.8147341791096503,
	0.6420621362776416 0.8182074673275356,
	0.6227109590637095 0.8281311479500648,
	0.6073292540987892 0.8365662764792147,
	0.590955181071616 0.8415281167904792,
	0.5735887399821898 0.8395433806659734,
	0.5596955871106489 0.825154043763306,
	0.53290164942982 0.7899249775533272,
	0.48923745469069135 0.7328638139737841,
	0.43862668351579226 0.6683598899273441,
	0.38007696784286976 0.590955181071616,
	0.31011501945403863 0.5001535033754735,
	"/>
</Transform>

</Section>