<?xml version="1.0"?>
<!DOCTYPE Section SYSTEM "section.dtd">

<Section index="13" thickness="0.05" alignLocked="true">
<Transform dim="0"
 xcoef=" 0 1 0 0 0 0"
 ycoef=" 0 0 1 0 0 0">
<Image mag="0.00254" contrast="1" brightness="0" red="true" green="true" blue="true"
 src="../images/mystery2_13.jpg" />
<Contour name="domain1" type="line" hidden="false" closed="true" simplified="false" border="1 0 1" fill="1 0 1" mode="11"
 points="0 0,
	511 0,
	511 399,
	0 399,
	"/>
</Transform>

<Transform dim="0"
 xcoef=" 0 1 0 0 0 0"
 ycoef=" 0 0 1 0 0 0">
<Contour name="BezierBunny" type="bezier" hidden="false" closed="true" simplified="false" border="0.0 1.0 1.0" fill="0.0 1.0 1.0" mode="13"
 points="0.30316844301826823 0.6263331024909329,
	0.2515653037811162 0.5560238252803131,
	0.22124845947928937 0.5160313923715204,
	0.20060720378442853 0.49022982275294436,
	0.19222169365839134 0.4760389594627275,
	0.19222169365839134 0.46055801769158194,
	0.20512247846767934 0.4528175468060091,
	0.24317979365507897 0.4483022721227583,
	0.28704246200665817 0.4457221151609007,
	0.3225196202322002 0.4418518797181143,
	0.35864181769820663 0.4354014873134703,
	0.38057315187399626 0.4315312518706839,
	0.39734417212607065 0.4141151923781451,
	0.4115350354162875 0.3863785050381759,
	0.4263709379469687 0.33993567972473904,
	0.4412068404776499 0.281882148082943,
	0.48571454806969355 0.22511869492207576,
	0.547638315154276 0.19157665441792693,
	0.6050468075556076 0.17674075188724572,
	0.654069789830902 0.18125602657049653,
	0.6837415948922645 0.19351177213932014,
	0.7121233214726981 0.19738200758210653,
	0.7656615784312434 0.19673696834164214,
	0.8217799923516461 0.20512247846767934,
	0.8701579353864762 0.20834767467000134,
	0.913375564497591 0.22705381264346897,
	0.9449824872803466 0.25092026454065175,
	0.9817497239868175 0.3115539531443054,
	1.0088413720863223 0.37476779870981664,
	1.0191619999337527 0.44249691895857873,
	1.0159368037314307 0.48764966579108676,
	1.003681058162607 0.5302222556617372,
	0.9830398024677462 0.5624742176849572,
	0.9662687822156719 0.5973063366700349,
	0.9333717809519875 0.6456842797048649,
	0.9088602898143402 0.6811614379304068,
	0.8817686417148354 0.7101882037513049,
	0.8533869151344018 0.7346996948889521,
	0.8314555809586122 0.7572760683052061,
	0.8179097569088598 0.7663066176717077,
	0.7933982657712125 0.774692127797745,
	0.7688867746335654 0.7933982657712125,
	0.7430852050149893 0.8062990505805006,
	0.7082530860299117 0.8185547961493241,
	0.6766461632471561 0.8314555809586122,
	0.6547148290713665 0.8353258164013986,
	0.6295582986932549 0.8404861303251138,
	0.6031116898342144 0.839196051844185,
	0.5824704341393536 0.8398410910846493,
	0.5618291784444928 0.852096836653473,
	0.5418329619900963 0.8637075429818322,
	0.5199016278143067 0.8740281708292627,
	0.5005504506003747 0.8727380923483338,
	0.4824893518673715 0.8579021898176525,
	0.4592679392106531 0.8250051885539682,
	0.41088999617582306 0.7643714999503145,
	0.35799677845774225 0.6972874189420168,
	"/>
</Transform>

</Section>