<?xml version="1.0"?>
<!DOCTYPE Section SYSTEM "section.dtd">

<Section index="30" thickness="0.05" alignLocked="true">
<Transform dim="0"
 xcoef=" 0 1 0 0 0 0"
 ycoef=" 0 0 1 0 0 0">
<Image mag="0.00254" contrast="1" brightness="0" red="true" green="true" blue="true"
 src="../images/mystery2_30.jpg" />
<Contour name="domain1" type="line" hidden="false" closed="true" simplified="false" border="1 0 1" fill="1 0 1" mode="11"
 points="0 0,
	511 0,
	511 399,
	0 399,
	"/>
</Transform>

<Transform dim="0"
 xcoef=" 0 1 0 0 0 0"
 ycoef=" 0 0 1 0 0 0">
<Contour name="BezierBunny" type="bezier" hidden="false" closed="true" simplified="false" border="0.0 1.0 1.0" fill="0.0 1.0 1.0" mode="13"
 points="  0.390000648465399 0.4679015413522535,
  0.38900828040314606 0.44011523560917165,
  0.3924815686210313 0.4267182667687572,
  0.39545867280779007 0.40637472149257226,
  0.39198538458990484 0.3761074955938581,
  0.3855349921852608 0.3393898772904999,
  0.3731303914070993 0.31507685976530325,
  0.34435171760176453 0.27984779355532446,
  0.3354204050414882 0.23221412656718413,
  0.3453440856640174 0.20244308469959643,
  0.36469526287794946 0.1806109873300321,
  0.3756113115627316 0.17217585880088226,
  0.38404644009188144 0.1572903378670884,
  0.40091669715018113 0.13545824049752409,
  0.43068773901776886 0.11908416747035085,
  0.4629397010409889 0.1156108792524656,
  0.5066038957801176 0.11908416747035085,
  0.5383596737722111 0.12801548003062715,
  0.5721001878888105 0.14339718499554746,
  0.590955181071616 0.149351393369065,
  0.6207262229392038 0.15232849755582378,
  0.6460316085266533 0.16175599414722655,
  0.6728255462074823 0.18160335539228503,
  0.6891996192346554 0.1989697964817112,
  0.708054612417461 0.2272522862559195,
  0.7194668451333697 0.25007675168773674,
  0.7308790778492783 0.26744319277716294,
  0.7432836786274398 0.279351609524198,
  0.7532073592499691 0.2848096338665891,
  0.7695814322771423 0.2867943699910949,
  0.8097723387983857 0.28877910611560076,
  0.8440090369461116 0.28877910611560076,
  0.8747724468759522 0.29671805061362416,
  0.9199251937084603 0.311603571547418,
  0.9730168850389916 0.32599290845008544,
  1.011223055435729 0.3354204050414882,
  1.0767193475444221 0.3468326377573968,
  1.1144293339100333 0.35427539822429377,
  1.136757615310724 0.364199078846823,
  1.1546202404312766 0.3790845997806168,
  1.1670248412094382 0.39347393668328423,
  1.1665286571783118 0.402901433274687,
  1.156108792524656 0.4068709055236987,
  1.132291959030586 0.4019090652124341,
  1.1005361810384924 0.39198538458990484,
  1.0707651391709045 0.3850388081541344,
  0.9978260865953147 0.38255788799850204,
  0.9382840028601394 0.38255788799850204,
  0.8797342871872168 0.3795807838117433,
  0.8226731236076738 0.37263420737597286,
  0.7804974809619245 0.3691609191580876,
  0.755192095374475 0.37064947125146697,
  0.7373294702539223 0.3780922317183639,
  0.7249248694757607 0.39843577699454885,
  0.7110317166042198 0.42473353064425134,
  0.6906881713280348 0.4530160204184597,
  0.6534743689935503 0.4872527185661855,
  0.6192376708458244 0.5075962638423704,
  0.5696192677331782 0.5239703368695436,
  0.5219856007450379 0.5343902015231994,
  0.4783214060059092 0.5398482258655904,
  0.44805418010719505 0.5363749376477053,
  0.42622208273763074 0.5190084965582791,
  0.4038938013369399 0.48923745469069135,
  "/>
</Transform>

</Section>