<?xml version="1.0"?>
<!DOCTYPE Section SYSTEM "section.dtd">

<Section index="28" thickness="0.05" alignLocked="true">
<Transform dim="0"
 xcoef=" 0 1 0 0 0 0"
 ycoef=" 0 0 1 0 0 0">
<Image mag="0.00254" contrast="1" brightness="0" red="true" green="true" blue="true"
 src="../images/mystery2_28.jpg" />
<Contour name="domain1" hidden="false" closed="true" simplified="false" border="1 0 1" fill="1 0 1" mode="11"
 points="0 0,
	511 0,
	511 399,
	0 399,
	"/>
</Transform>

<Transform dim="0"
 xcoef=" 0 1 0 0 0 0"
 ycoef=" 0 0 1 0 0 0">
<Contour name="Mystery_Object_2" hidden="false" closed="true" simplified="true" border="1 0 1" fill="1 0 1" mode="9"
 points="0.942797 0.332469,
	0.944481 0.32862,
	0.945924 0.326695,
	0.947849 0.325011,
	0.949773 0.324049,
	0.950736 0.323327,
	0.958434 0.320921,
	0.962283 0.3202,
	0.969981 0.321162,
	0.970943 0.321162,
	0.971906 0.321643,
	0.975755 0.322124,
	0.977679 0.322605,
	0.978161 0.322605,
	0.979123 0.323327,
	0.979604 0.323327,
	0.980085 0.323808,
	0.98201 0.32453,
	0.985859 0.326695,
	0.986821 0.327176,
	0.987302 0.327657,
	0.988265 0.327898,
	0.990189 0.329101,
	1.00559 0.334634,
	1.01328 0.338002,
	1.02098 0.342092,
	1.02483 0.344257,
	1.03253 0.347384,
	1.04023 0.349549,
	1.04119 0.349549,
	1.04889 0.351955,
	1.06428 0.357488,
	1.06813 0.358691,
	1.07198 0.360375,
	1.07583 0.36254,
	1.07968 0.364224,
	1.08353 0.366389,
	1.08546 0.367592,
	1.08642 0.368073,
	1.09003 0.371922,
	1.09243 0.375531,
	1.09556 0.37938,
	1.09724 0.381305,
	1.09796 0.383229,
	1.09796 0.385154,
	1.097 0.387078,
	1.09532 0.389003,
	1.09147 0.390687,
	1.08377 0.389965,
	1.07992 0.389484,
	1.06453 0.385394,
	1.0626 0.385154,
	1.0472 0.380102,
	1.03951 0.377455,
	1.03181 0.376012,
	1.01641 0.372403,
	1.01449 0.372163,
	0.99909 0.36663,
	0.991392 0.364465,
	0.983694 0.362781,
	0.975995 0.360616,
	0.975033 0.360134,
	0.973109 0.359894,
	0.96541 0.357488,
	0.957712 0.352436,
	0.953863 0.350271,
	0.951938 0.349068,
	0.950014 0.347384,
	0.947368 0.343535,
	0.946165 0.34161,
	0.945202 0.340648,
	0.942797 0.336799,
	0.942797 0.33295,
	0.942797 0.332709,
	"/>
<Contour name="Mystery_Object_2" hidden="false" closed="true" simplified="true" border="1 0 1" fill="1 0 1" mode="9"
 points="0.300973 0.456038,
	0.301583 0.44627,
	0.301583 0.441386,
	0.302804 0.436502,
	0.302804 0.43406,
	0.305857 0.424292,
	0.307688 0.419408,
	0.310741 0.414525,
	0.310741 0.413304,
	0.316846 0.403536,
	0.32173 0.393768,
	0.33455 0.374232,
	0.352254 0.355307,
	0.356528 0.352254,
	0.361412 0.34737,
	0.366296 0.344318,
	0.374842 0.335771,
	0.376674 0.333329,
	0.377284 0.330887,
	0.379116 0.328445,
	0.380947 0.318677,
	0.380947 0.308909,
	0.379726 0.304025,
	0.37118 0.28449,
	0.366906 0.274722,
	0.365075 0.269838,
	0.35897 0.26007,
	0.357138 0.257628,
	0.354086 0.24786,
	0.352865 0.242976,
	0.353475 0.233208,
	0.356528 0.22344,
	0.361412 0.213672,
	0.362633 0.203905,
	0.365685 0.194137,
	0.366906 0.191695,
	0.366906 0.190474,
	0.368127 0.189253,
	0.369959 0.184369,
	0.382168 0.164833,
	0.38461 0.159949,
	0.388884 0.155065,
	0.40842 0.141024,
	0.418187 0.13614,
	0.437723 0.133087,
	0.447491 0.133087,
	0.452375 0.134308,
	0.454817 0.134308,
	0.464585 0.137361,
	0.474353 0.139192,
	0.479237 0.142245,
	0.489005 0.150792,
	0.50854 0.163612,
	0.515866 0.17338,
	0.52014 0.178264,
	0.522582 0.179485,
	0.523803 0.180706,
	0.528687 0.181927,
	0.531129 0.183148,
	0.533571 0.183148,
	0.553106 0.189863,
	0.572642 0.194137,
	0.58241 0.1978,
	0.592178 0.200242,
	0.597062 0.202073,
	0.599504 0.202684,
	0.601946 0.204515,
	0.60683 0.206347,
	0.609272 0.206957,
	0.61904 0.212451,
	0.628807 0.219167,
	0.647122 0.23504,
	0.65628 0.243587,
	0.665437 0.253354,
	0.670321 0.258238,
	0.683141 0.277774,
	0.688636 0.287542,
	0.689857 0.289984,
	0.689857 0.291205,
	0.691078 0.292426,
	0.697793 0.311962,
	0.70573 0.331498,
	0.708171 0.336381,
	0.708782 0.338823,
	0.708782 0.340044,
	0.710003 0.341265,
	0.711834 0.346149,
	0.712445 0.365685,
	0.710613 0.385221,
	0.711224 0.404757,
	0.711834 0.414525,
	0.711834 0.419408,
	0.70695 0.438944,
	0.705119 0.45848,
	0.705119 0.463364,
	0.702677 0.473132,
	0.702677 0.475574,
	0.700846 0.480458,
	0.700235 0.4829,
	0.699014 0.484121,
	0.689857 0.503656,
	0.679478 0.523192,
	0.666658 0.542728,
	0.663606 0.547612,
	0.662385 0.549443,
	0.653227 0.559211,
	0.649564 0.562874,
	0.647122 0.565316,
	0.637354 0.571421,
	0.627586 0.578747,
	0.608051 0.590346,
	0.603167 0.593399,
	0.583631 0.601335,
	0.573863 0.605609,
	0.554327 0.611103,
	0.544559 0.612324,
	0.534792 0.615987,
	0.525024 0.620871,
	0.522582 0.622703,
	0.512814 0.626976,
	0.510372 0.628807,
	0.490836 0.634912,
	0.485952 0.636133,
	0.466416 0.635523,
	0.456649 0.634912,
	0.446881 0.633081,
	0.444439 0.633081,
	0.424903 0.623923,
	0.405367 0.615987,
	0.395599 0.612935,
	0.376063 0.602556,
	0.366296 0.597062,
	0.361412 0.593399,
	0.353475 0.583631,
	0.350423 0.578747,
	0.342486 0.568979,
	0.335771 0.559211,
	0.330277 0.549443,
	0.32234 0.529908,
	0.319898 0.52014,
	0.318677 0.515256,
	0.318067 0.512814,
	0.316846 0.511593,
	0.313183 0.501825,
	0.311351 0.492057,
	0.303415 0.472521,
	0.301583 0.467637,
	0.300973 0.457869,
	0.300973 0.456649,
	"/>
</Transform>

</Section>