<?xml version="1.0"?>
<!DOCTYPE Section SYSTEM "section.dtd">

<Section index="23" thickness="0.05" alignLocked="true">
<Transform dim="0"
 xcoef=" 0 1 0 0 0 0"
 ycoef=" 0 0 1 0 0 0">
<Image mag="0.00254" contrast="1" brightness="0" red="true" green="true" blue="true"
 src="../images/mystery2_23.jpg" />
<Contour name="domain1" hidden="false" closed="true" simplified="false" border="1 0 1" fill="1 0 1" mode="11"
 points="0 0,
	511 0,
	511 399,
	0 399,
	"/>
</Transform>

<Transform dim="0"
 xcoef=" 0 1 0 0 0 0"
 ycoef=" 0 0 1 0 0 0">
<Contour name="domain2" hidden="false" closed="true" simplified="true" border="1 0 1" fill="1 0 1" mode="9"
 points="0.257332 0.426389,
	0.259472 0.41783,
	0.273916 0.38359,
	0.279266 0.36647,
	0.287291 0.34935,
	0.298526 0.332231,
	0.303876 0.323671,
	0.310296 0.315111,
	0.317786 0.306551,
	0.322066 0.302806,
	0.330626 0.297456,
	0.334906 0.294781,
	0.335976 0.293711,
	0.338116 0.293176,
	0.339186 0.292106,
	0.347746 0.290501,
	0.381985 0.274986,
	0.399105 0.272846,
	0.407665 0.271242,
	0.416225 0.268567,
	0.424785 0.264822,
	0.429064 0.263217,
	0.437624 0.262147,
	0.441904 0.261077,
	0.476144 0.259472,
	0.493264 0.258937,
	0.501824 0.258402,
	0.518943 0.255192,
	0.527503 0.255192,
	0.536063 0.254122,
	0.544623 0.254122,
	0.553183 0.255192,
	0.557463 0.255192,
	0.559603 0.255727,
	0.563883 0.255192,
	0.598122 0.256797,
	0.606682 0.256797,
	0.610962 0.256262,
	0.628082 0.258402,
	0.645202 0.261612,
	0.649482 0.262147,
	0.658042 0.264822,
	0.662321 0.266427,
	0.664461 0.267497,
	0.665531 0.267497,
	0.674091 0.274451,
	0.676231 0.274986,
	0.693351 0.287826,
	0.710471 0.297991,
	0.714751 0.301201,
	0.719031 0.303341,
	0.723311 0.306551,
	0.725451 0.308156,
	0.727591 0.308156,
	0.729731 0.309761,
	0.734011 0.311366,
	0.736151 0.311901,
	0.752735 0.322601,
	0.761295 0.328486,
	0.765575 0.331161,
	0.767715 0.332231,
	0.776275 0.339186,
	0.780555 0.342396,
	0.78858 0.350955,
	0.795535 0.359515,
	0.800885 0.368075,
	0.801955 0.369145,
	0.80249 0.371285,
	0.8057 0.375565,
	0.8057 0.376635,
	0.80677 0.377705,
	0.810515 0.386265,
	0.815329 0.394825,
	0.816934 0.399105,
	0.816934 0.400175,
	0.818539 0.402315,
	0.825494 0.419435,
	0.830309 0.436554,
	0.830844 0.445114,
	0.830309 0.453674,
	0.827634 0.470794,
	0.826564 0.475074,
	0.826029 0.483634,
	0.822284 0.500754,
	0.817469 0.517873,
	0.810515 0.534993,
	0.80891 0.539273,
	0.804095 0.547833,
	0.80249 0.549973,
	0.800885 0.554253,
	0.795535 0.562813,
	0.795 0.564953,
	0.789115 0.573513,
	0.78751 0.575653,
	0.786975 0.577793,
	0.78109 0.586352,
	0.778415 0.590632,
	0.776275 0.592772,
	0.7736 0.597052,
	0.76932 0.601332,
	0.76611 0.605612,
	0.75755 0.614172,
	0.740965 0.628082,
	0.738825 0.629687,
	0.736685 0.630222,
	0.719566 0.642527,
	0.685326 0.658577,
	0.676766 0.663391,
	0.668206 0.669276,
	0.663926 0.671951,
	0.646807 0.678371,
	0.629687 0.681581,
	0.612567 0.686931,
	0.604007 0.689606,
	0.599727 0.691746,
	0.565488 0.702446,
	0.561208 0.703516,
	0.556928 0.705656,
	0.554788 0.705656,
	0.552648 0.706726,
	0.544088 0.708331,
	0.539808 0.709936,
	0.505568 0.713146,
	0.471329 0.714216,
	0.454209 0.713681,
	0.449929 0.713146,
	0.447789 0.712611,
	0.445649 0.713146,
	0.428529 0.705656,
	0.41997 0.700306,
	0.41569 0.698166,
	0.40713 0.692281,
	0.37289 0.673556,
	0.36861 0.670881,
	0.36005 0.663926,
	0.35577 0.660716,
	0.347746 0.652157,
	0.344001 0.647877,
	0.339721 0.645202,
	0.338651 0.643062,
	0.330091 0.637177,
	0.321531 0.630222,
	0.306016 0.614172,
	0.300666 0.606147,
	0.296921 0.597587,
	0.291036 0.580468,
	0.283011 0.563348,
	0.281406 0.559068,
	0.281406 0.556928,
	0.269637 0.522688,
	0.268032 0.518408,
	0.267497 0.514128,
	0.262682 0.497009,
	0.261077 0.488449,
	0.261077 0.484169,
	0.259472 0.475609,
	0.258402 0.458489,
	0.258402 0.449929,
	0.257332 0.441369,
	0.257332 0.432809,
	0.257332 0.428529,
	0.257332 0.426924,
	"/>
</Transform>

</Section>