<?xml version="1.0"?>
<!DOCTYPE Section SYSTEM "section.dtd">

<Section index="35" thickness="0.05" alignLocked="true">
<Transform dim="0"
 xcoef=" 0 1 0 0 0 0"
 ycoef=" 0 0 1 0 0 0">
<Image mag="0.00254" contrast="1" brightness="0" red="true" green="true" blue="true"
 src="../images/mystery2_35.jpg" />
<Contour name="domain1" hidden="false" closed="true" simplified="false" border="1 0 1" fill="1 0 1" mode="11"
 points="0 0,
	511 0,
	511 399,
	0 399,
	"/>
</Transform>

<Transform dim="0"
 xcoef=" 0 1 0 0 0 0"
 ycoef=" 0 0 1 0 0 0">
<Contour name="Mystery_Object_2" comment="dusten_traced_2018.05.25" hidden="false" closed="true" simplified="true" border="1 0 1" fill="1 0 1" mode="9"
 points="0.499983 0.246793,
	0.500516 0.242529,
	0.501049 0.240397,
	0.501049 0.239331,
	0.502115 0.238265,
	0.503181 0.234001,
	0.505313 0.229736,
	0.512243 0.222807,
	0.516507 0.219609,
	0.520771 0.21801,
	0.525035 0.215344,
	0.5293 0.214278,
	0.537828 0.210547,
	0.546357 0.210014,
	0.563414 0.21108,
	0.571942 0.212679,
	0.576206 0.213745,
	0.577273 0.214811,
	0.579405 0.214811,
	0.587933 0.218543,
	0.596462 0.22334,
	0.60499 0.229203,
	0.612453 0.234534,
	0.614052 0.2356,
	0.622047 0.244128,
	0.628977 0.252124,
	0.631109 0.253723,
	0.633774 0.256921,
	0.639637 0.264916,
	0.643368 0.269181,
	0.649232 0.277709,
	0.654029 0.285705,
	0.657227 0.289969,
	0.659359 0.2937,
	0.660425 0.294766,
	0.660425 0.295832,
	0.672685 0.312889,
	0.678548 0.320885,
	0.681747 0.325149,
	0.689209 0.332078,
	0.697204 0.337409,
	0.699337 0.339008,
	0.707865 0.340607,
	0.716394 0.34114,
	0.720658 0.342206,
	0.72279 0.343272,
	0.723856 0.343272,
	0.725455 0.344871,
	0.726521 0.344871,
	0.730785 0.348069,
	0.732385 0.349668,
	0.733451 0.349668,
	0.737715 0.352866,
	0.752107 0.365659,
	0.759036 0.372589,
	0.765965 0.380584,
	0.773961 0.38858,
	0.777692 0.392311,
	0.779291 0.393377,
	0.787287 0.400306,
	0.794216 0.406703,
	0.801679 0.414165,
	0.807542 0.421627,
	0.813405 0.430156,
	0.818202 0.438684,
	0.819269 0.440817,
	0.820335 0.44135,
	0.820868 0.443482,
	0.822467 0.445614,
	0.823 0.447746,
	0.824066 0.448812,
	0.825132 0.453076,
	0.826198 0.454142,
	0.827797 0.458407,
	0.828863 0.460539,
	0.828863 0.461605,
	0.830462 0.463737,
	0.830462 0.464803,
	0.832061 0.466935,
	0.832594 0.469067,
	0.832594 0.470133,
	0.83366 0.471199,
	0.836326 0.479728,
	0.837925 0.488256,
	0.838458 0.505313,
	0.834726 0.52237,
	0.834726 0.523436,
	0.83366 0.524502,
	0.831528 0.533031,
	0.82833 0.541026,
	0.825132 0.545291,
	0.821401 0.548489,
	0.819269 0.550621,
	0.815004 0.552753,
	0.812872 0.554352,
	0.811806 0.554352,
	0.81074 0.555418,
	0.802212 0.555951,
	0.793683 0.555418,
	0.791551 0.554885,
	0.790485 0.553819,
	0.788353 0.553286,
	0.787287 0.55222,
	0.783022 0.550621,
	0.766498 0.539427,
	0.762234 0.537295,
	0.761168 0.536229,
	0.760102 0.536229,
	0.74571 0.52237,
	0.738781 0.515441,
	0.731318 0.507445,
	0.725988 0.499983,
	0.721191 0.491455,
	0.698271 0.45894,
	0.693473 0.450944,
	0.689742 0.442949,
	0.689209 0.440817,
	0.683879 0.432821,
	0.681747 0.428557,
	0.681747 0.427491,
	0.679081 0.424293,
	0.675883 0.420028,
	0.674817 0.418429,
	0.667355 0.409901,
	0.659892 0.403504,
	0.656161 0.400839,
	0.655095 0.399773,
	0.652963 0.39924,
	0.648699 0.396575,
	0.644434 0.394976,
	0.643368 0.394976,
	0.642302 0.39391,
	0.633774 0.391778,
	0.62951 0.390179,
	0.627377 0.390179,
	0.618849 0.38698,
	0.601792 0.377919,
	0.593263 0.373122,
	0.591131 0.372056,
	0.590065 0.37099,
	0.588999 0.37099,
	0.586867 0.36939,
	0.584735 0.368857,
	0.582603 0.367258,
	0.580471 0.366725,
	0.579938 0.365659,
	0.577806 0.365126,
	0.569277 0.35873,
	0.565546 0.356065,
	0.55755 0.348069,
	0.541026 0.337942,
	0.533031 0.331545,
	0.528767 0.328347,
	0.520238 0.324083,
	0.512243 0.317153,
	0.511177 0.315021,
	0.509045 0.313422,
	0.505313 0.305427,
	0.502648 0.28837,
	0.501582 0.279841,
	0.501582 0.271313,
	0.500516 0.267048,
	0.499983 0.249992,
	0.499983 0.247859,
	0.499983 0.247326,
	"/>
</Transform>

</Section>