<?xml version="1.0"?>
<!DOCTYPE Section SYSTEM "section.dtd">

<Section index="29" thickness="0.05" alignLocked="true">
<Transform dim="0"
 xcoef=" 0 1 0 0 0 0"
 ycoef=" 0 0 1 0 0 0">
<Image mag="0.00254" contrast="1" brightness="0" red="true" green="true" blue="true"
 src="../images/mystery2_29.jpg" />
<Contour name="domain1" hidden="false" closed="true" simplified="false" border="1 0 1" fill="1 0 1" mode="11"
 points="0 0,
	511 0,
	511 399,
	0 399,
	"/>
</Transform>

<Transform dim="0"
 xcoef=" 0 1 0 0 0 0"
 ycoef=" 0 0 1 0 0 0">
<Contour name="Mystery_Object_2" hidden="false" closed="true" simplified="true" border="1 0 1" fill="1 0 1" mode="9"
 points="0.336764 0.4266,
	0.340238 0.418659,
	0.342223 0.414688,
	0.351654 0.398806,
	0.356617 0.390864,
	0.357858 0.388879,
	0.358354 0.387886,
	0.361829 0.383915,
	0.363814 0.38193,
	0.364807 0.380937,
	0.366792 0.379945,
	0.373492 0.372252,
	0.378704 0.36431,
	0.381186 0.36034,
	0.383171 0.356369,
	0.383667 0.355376,
	0.383915 0.347435,
	0.385901 0.343464,
	0.387142 0.341479,
	0.38739 0.339493,
	0.386894 0.331552,
	0.386149 0.327581,
	0.382426 0.31964,
	0.380193 0.315669,
	0.377215 0.311699,
	0.376222 0.309713,
	0.372748 0.305743,
	0.370763 0.303757,
	0.365799 0.295816,
	0.359347 0.287875,
	0.35761 0.285889,
	0.356617 0.284897,
	0.351902 0.276955,
	0.34942 0.272985,
	0.343216 0.265043,
	0.341727 0.263058,
	0.338501 0.255116,
	0.339493 0.223351,
	0.339742 0.21938,
	0.339742 0.217395,
	0.339742 0.216402,
	0.341479 0.212432,
	0.343712 0.208461,
	0.345201 0.206476,
	0.361084 0.190593,
	0.369025 0.18414,
	0.371011 0.182651,
	0.377959 0.17471,
	0.381186 0.170739,
	0.382923 0.168754,
	0.385156 0.164783,
	0.385901 0.162798,
	0.385901 0.161805,
	0.387142 0.15982,
	0.388134 0.158827,
	0.391609 0.150886,
	0.393346 0.146915,
	0.397068 0.143441,
	0.40501 0.137733,
	0.412951 0.131281,
	0.420892 0.125573,
	0.428834 0.123836,
	0.432805 0.123588,
	0.448687 0.124332,
	0.46457 0.125573,
	0.468541 0.126069,
	0.469533 0.126069,
	0.473504 0.127806,
	0.477475 0.128303,
	0.481445 0.128303,
	0.485416 0.128799,
	0.493357 0.130784,
	0.50924 0.139718,
	0.513211 0.141704,
	0.529094 0.152127,
	0.537035 0.157835,
	0.544976 0.164039,
	0.548947 0.167017,
	0.550932 0.168754,
	0.554903 0.171236,
	0.556888 0.172477,
	0.557633 0.173469,
	0.559618 0.173966,
	0.563589 0.176447,
	0.56756 0.178184,
	0.569545 0.178929,
	0.57153 0.180418,
	0.587413 0.187863,
	0.591384 0.189848,
	0.599325 0.192082,
	0.60131 0.192578,
	0.609252 0.19233,
	0.613222 0.192082,
	0.621164 0.193819,
	0.625135 0.194315,
	0.633076 0.196797,
	0.641017 0.20052,
	0.644988 0.202257,
	0.652929 0.206476,
	0.6569 0.209205,
	0.658885 0.210446,
	0.659878 0.210943,
	0.663104 0.214913,
	0.667819 0.222855,
	0.66906 0.22484,
	0.67179 0.232781,
	0.674768 0.236752,
	0.679483 0.244693,
	0.681717 0.248664,
	0.682709 0.250649,
	0.692884 0.266532,
	0.698592 0.274474,
	0.701322 0.278444,
	0.714227 0.294327,
	0.718446 0.302268,
	0.724153 0.318151,
	0.725146 0.322122,
	0.726139 0.338004,
	0.726635 0.345946,
	0.724153 0.361829,
	0.722416 0.377711,
	0.721672 0.385653,
	0.717701 0.401535,
	0.715964 0.409477,
	0.715219 0.413447,
	0.71373 0.417418,
	0.711745 0.421389,
	0.710752 0.423374,
	0.710504 0.42536,
	0.706285 0.433301,
	0.703804 0.437272,
	0.700826 0.441242,
	0.696359 0.449184,
	0.695862 0.450176,
	0.66906 0.481942,
	0.66236 0.489883,
	0.646973 0.505766,
	0.615208 0.535546,
	0.599325 0.550188,
	0.595354 0.553414,
	0.579472 0.564085,
	0.575501 0.565326,
	0.559618 0.57426,
	0.555648 0.576494,
	0.547706 0.579968,
	0.543736 0.581209,
	0.54175 0.581705,
	0.53778 0.583691,
	0.529838 0.58642,
	0.525867 0.587661,
	0.524875 0.587909,
	0.523882 0.588654,
	0.515941 0.591136,
	0.513955 0.59188,
	0.51197 0.59188,
	0.507999 0.593369,
	0.500058 0.59461,
	0.496087 0.595106,
	0.480205 0.595603,
	0.464322 0.595106,
	0.45638 0.59461,
	0.45241 0.594362,
	0.450424 0.594362,
	0.418659 0.584931,
	0.416674 0.584435,
	0.408732 0.580216,
	0.404762 0.577983,
	0.402776 0.576742,
	0.398806 0.573019,
	0.39682 0.571034,
	0.386645 0.555151,
	0.383171 0.551181,
	0.377959 0.543239,
	0.37523 0.539269,
	0.371755 0.535298,
	0.365799 0.527356,
	0.36034 0.519415,
	0.357362 0.515444,
	0.35488 0.511474,
	0.353639 0.509488,
	0.351654 0.507503,
	0.346442 0.499562,
	0.342223 0.49162,
	0.338501 0.483679,
	0.337756 0.481694,
	0.336764 0.473752,
	0.33726 0.457869,
	0.337012 0.441987,
	0.336764 0.434045,
	0.336764 0.430075,
	0.336764 0.428089,
	0.336764 0.427097,
	0.336764 0.426849,
	"/>
<Contour name="Mystery_Object_2" hidden="false" closed="true" simplified="true" border="1 0 1" fill="1 0 1" mode="9"
 points="0.838087 0.33355,
	0.851564 0.323021,
	0.858302 0.317546,
	0.871358 0.308702,
	0.884834 0.302385,
	0.891573 0.299016,
	0.898311 0.296489,
	0.905049 0.296068,
	0.911788 0.29691,
	0.918526 0.298595,
	0.921895 0.299437,
	0.928634 0.302806,
	0.932003 0.30407,
	0.945059 0.312914,
	0.946743 0.314177,
	0.947586 0.314177,
	0.94927 0.315862,
	0.962747 0.323021,
	0.9897 0.331866,
	1.00318 0.33734,
	1.01665 0.341973,
	1.02002 0.343658,
	1.0335 0.345763,
	1.04024 0.346606,
	1.04361 0.347448,
	1.04529 0.34829,
	1.05877 0.350817,
	1.06551 0.352923,
	1.07225 0.355871,
	1.07898 0.357977,
	1.08067 0.358819,
	1.08741 0.359661,
	1.09415 0.361346,
	1.10088 0.362188,
	1.10762 0.364715,
	1.10931 0.365136,
	1.12278 0.372296,
	1.12615 0.374402,
	1.13289 0.379877,
	1.13584 0.382825,
	1.1371 0.383667,
	1.14047 0.387036,
	1.14468 0.393774,
	1.14679 0.400513,
	1.14637 0.403882,
	1.14595 0.405567,
	1.143 0.408515,
	1.13963 0.41062,
	1.13794 0.411463,
	1.12447 0.410199,
	1.11773 0.408936,
	1.11099 0.405988,
	1.10762 0.405145,
	1.10088 0.401355,
	1.09415 0.398407,
	1.08067 0.395459,
	1.07393 0.393353,
	1.06719 0.389984,
	1.05372 0.387036,
	1.02676 0.382825,
	1.02002 0.381561,
	0.99307 0.380298,
	0.966116 0.379877,
	0.939163 0.376928,
	0.925686 0.374402,
	0.918947 0.373559,
	0.912209 0.371875,
	0.90884 0.371032,
	0.902101 0.370611,
	0.875148 0.365136,
	0.861671 0.360082,
	0.848194 0.354186,
	0.844825 0.352081,
	0.839771 0.345342,
	0.838508 0.341973,
	0.838087 0.335235,
	0.838087 0.333971,
	"/>
</Transform>

</Section>