<?xml version="1.0"?>
<!DOCTYPE Section SYSTEM "section.dtd">

<Section index="36" thickness="0.05" alignLocked="true">
<Transform dim="0"
 xcoef=" 0 1 0 0 0 0"
 ycoef=" 0 0 1 0 0 0">
<Image mag="0.00254" contrast="1" brightness="0" red="true" green="true" blue="true"
 src="../images/mystery2_36.jpg" />
<Contour name="domain1" hidden="false" closed="true" simplified="false" border="1 0 1" fill="1 0 1" mode="11"
 points="0 0,
	511 0,
	511 399,
	0 399,
	"/>
</Transform>

<Transform dim="0"
 xcoef=" 0 1 0 0 0 0"
 ycoef=" 0 0 1 0 0 0">
<Contour name="Mystery_Object_2" comment="dusten_traced_2018.05.25" hidden="false" closed="true" simplified="true" border="1 0 1" fill="1 0 1" mode="9"
 points="0.703601 0.397108,
	0.7052 0.392844,
	0.707865 0.38858,
	0.708931 0.386447,
	0.71746 0.380584,
	0.721724 0.378452,
	0.723856 0.378452,
	0.725988 0.377386,
	0.734517 0.376853,
	0.751574 0.378452,
	0.760102 0.381117,
	0.764366 0.382716,
	0.766498 0.384848,
	0.770763 0.387513,
	0.772895 0.38858,
	0.773961 0.389646,
	0.775027 0.389646,
	0.779291 0.392311,
	0.781423 0.394443,
	0.785688 0.397108,
	0.78782 0.398174,
	0.792084 0.402438,
	0.800612 0.408302,
	0.817669 0.424826,
	0.825665 0.432821,
	0.838991 0.449878,
	0.844854 0.458407,
	0.854982 0.475464,
	0.855515 0.477596,
	0.857114 0.479728,
	0.857647 0.48186,
	0.860312 0.486124,
	0.867241 0.503181,
	0.872572 0.520238,
	0.872572 0.521304,
	0.874171 0.523436,
	0.876303 0.531965,
	0.876836 0.549022,
	0.874704 0.55755,
	0.873638 0.561815,
	0.872572 0.563947,
	0.871506 0.565013,
	0.869906 0.569277,
	0.85818 0.586334,
	0.851783 0.594863,
	0.844321 0.603391,
	0.840057 0.606589,
	0.837925 0.607122,
	0.835793 0.608721,
	0.827264 0.609254,
	0.818736 0.607655,
	0.801679 0.598594,
	0.799546 0.597528,
	0.791018 0.589532,
	0.786754 0.586334,
	0.778758 0.577806,
	0.771829 0.569277,
	0.765965 0.560749,
	0.747309 0.526635,
	0.739314 0.509578,
	0.735583 0.501049,
	0.733451 0.496785,
	0.731851 0.488256,
	0.731851 0.471199,
	0.731318 0.462671,
	0.727587 0.454142,
	0.715328 0.437085,
	0.709997 0.428557,
	0.706266 0.420028,
	0.704667 0.415764,
	0.703601 0.407236,
	0.703601 0.398707,
	0.703601 0.397641,
	"/>
</Transform>

<Transform dim="0"
 xcoef=" 0 1 0 0 0 0"
 ycoef=" 0 0 1 0 0 0">
<Contour name="Mystery_Object_2" comment="dusten_traced_2018.05.25" hidden="false" closed="true" simplified="true" border="1 0 1" fill="1 0 1" mode="9"
 points="0.540493 0.273978,
	0.542625 0.269714,
	0.543692 0.267582,
	0.547956 0.264916,
	0.550088 0.26385,
	0.567145 0.264916,
	0.584202 0.28144,
	0.59273 0.287837,
	0.596995 0.290502,
	0.603924 0.29903,
	0.605523 0.303295,
	0.605523 0.311823,
	0.603391 0.316087,
	0.599127 0.319819,
	0.594863 0.322484,
	0.586334 0.324083,
	0.577806 0.32355,
	0.573541 0.323017,
	0.565013 0.318752,
	0.556484 0.31129,
	0.55222 0.307026,
	0.550088 0.304894,
	0.549555 0.302762,
	0.543692 0.294233,
	0.542092 0.289969,
	0.541026 0.288903,
	0.540493 0.280374,
	0.540493 0.27611,
	0.540493 0.274511,
	"/>
</Transform>

</Section>