<?xml version="1.0"?>
<!DOCTYPE Section SYSTEM "section.dtd">

<Section index="20" thickness="0.05" alignLocked="true">
<Transform dim="0"
 xcoef=" 0 1 0 0 0 0"
 ycoef=" 0 0 1 0 0 0">
<Image mag="0.00254" contrast="1" brightness="0" red="true" green="true" blue="true"
 src="../images/mystery2_20.jpg" />
<Contour name="domain1" hidden="false" closed="true" simplified="false" border="1 0 1" fill="1 0 1" mode="11"
 points="0 0,
	511 0,
	511 399,
	0 399,
	"/>
</Transform>

<Transform dim="0"
 xcoef=" 0 1 0 0 0 0"
 ycoef=" 0 0 1 0 0 0">
<Contour name="Mystery_Object_2" hidden="false" closed="true" simplified="true" border="1 0 1" fill="1 0 1" mode="9"
 points="0.314788 0.35023,
	0.317463 0.34595,
	0.321208 0.34167,
	0.325488 0.338995,
	0.334047 0.330435,
	0.351167 0.31706,
	0.359727 0.310105,
	0.376847 0.298335,
	0.385407 0.292986,
	0.386477 0.291916,
	0.388617 0.291381,
	0.389152 0.290311,
	0.391292 0.289776,
	0.393432 0.288171,
	0.401992 0.286566,
	0.410551 0.286031,
	0.414831 0.285496,
	0.423391 0.286031,
	0.431951 0.284961,
	0.436231 0.283356,
	0.444791 0.282286,
	0.449071 0.281751,
	0.457631 0.278006,
	0.474751 0.272656,
	0.479031 0.271051,
	0.48759 0.269446,
	0.49187 0.267841,
	0.50043 0.266236,
	0.50899 0.263561,
	0.51327 0.261956,
	0.52183 0.260351,
	0.52611 0.259281,
	0.52825 0.259816,
	0.54537 0.256071,
	0.55393 0.254466,
	0.55821 0.252861,
	0.566769 0.251791,
	0.571049 0.250186,
	0.639529 0.240021,
	0.648088 0.238951,
	0.652368 0.237346,
	0.656648 0.236811,
	0.660928 0.235206,
	0.665208 0.234671,
	0.667348 0.233601,
	0.671628 0.233066,
	0.673768 0.231996,
	0.675908 0.231996,
	0.678048 0.230926,
	0.680188 0.230926,
	0.682328 0.229856,
	0.716568 0.227181,
	0.733687 0.226646,
	0.742247 0.227181,
	0.759367 0.225576,
	0.776487 0.228251,
	0.785047 0.229321,
	0.802166 0.234671,
	0.819286 0.242696,
	0.836406 0.251791,
	0.853526 0.263026,
	0.862086 0.269981,
	0.870646 0.278006,
	0.874925 0.282286,
	0.892045 0.295125,
	0.90756 0.312245,
	0.9204 0.329365,
	0.926285 0.337925,
	0.9311 0.346485,
	0.93859 0.363605,
	0.942335 0.372164,
	0.94394 0.380189,
	0.945545 0.414429,
	0.945545 0.422989,
	0.945545 0.423524,
	0.94501 0.431549,
	0.941265 0.448668,
	0.93966 0.457228,
	0.93431 0.474348,
	0.93217 0.482908,
	0.9311 0.487188,
	0.89686 0.555667,
	0.887765 0.572787,
	0.88295 0.581347,
	0.875995 0.589907,
	0.871716 0.593652,
	0.869576 0.595792,
	0.852456 0.607561,
	0.843896 0.613981,
	0.835336 0.621471,
	0.826776 0.627356,
	0.818216 0.632171,
	0.809656 0.639126,
	0.808051 0.641266,
	0.806981 0.645546,
	0.808051 0.654106,
	0.810191 0.662666,
	0.811261 0.679786,
	0.810726 0.688345,
	0.811261 0.696905,
	0.810726 0.701185,
	0.811261 0.705465,
	0.805911 0.722585,
	0.801096 0.731145,
	0.787722 0.748265,
	0.779162 0.75629,
	0.770602 0.762174,
	0.736362 0.780364,
	0.727802 0.783039,
	0.725662 0.783039,
	0.721382 0.784644,
	0.712823 0.785714,
	0.695703 0.784644,
	0.687143 0.783574,
	0.682863 0.783039,
	0.665743 0.774479,
	0.657183 0.769664,
	0.648623 0.763779,
	0.640064 0.756825,
	0.636319 0.752545,
	0.631504 0.743985,
	0.625619 0.735425,
	0.622944 0.731145,
	0.619199 0.726865,
	0.614384 0.718305,
	0.607964 0.709745,
	0.603684 0.706535,
	0.601544 0.704395,
	0.597264 0.702255,
	0.580144 0.700115,
	0.563024 0.70279,
	0.545905 0.707605,
	0.528785 0.71135,
	0.520225 0.712955,
	0.515945 0.714025,
	0.498825 0.71135,
	0.430346 0.704395,
	0.428206 0.704395,
	0.411086 0.69744,
	0.402527 0.691555,
	0.393967 0.6846,
	0.376847 0.668551,
	0.368822 0.659991,
	0.365077 0.655711,
	0.342072 0.621471,
	0.334582 0.612911,
	0.330303 0.608631,
	0.326023 0.605956,
	0.323883 0.603816,
	0.304623 0.569577,
	0.292853 0.535337,
	0.289108 0.518218,
	0.287503 0.501098,
	0.285898 0.492538,
	0.285363 0.483978,
	0.283758 0.475418,
	0.283223 0.466858,
	0.284828 0.449738,
	0.285898 0.441179,
	0.288573 0.432619,
	0.290178 0.424059,
	0.291783 0.419779,
	0.292318 0.415499,
	0.294993 0.406939,
	0.296598 0.398379,
	0.301948 0.381259,
	0.308903 0.36414,
	0.312648 0.35558,
	0.314788 0.3513,
	0.314788 0.350765,
	"/>
</Transform>

</Section>