<?xml version="1.0"?>
<!DOCTYPE Section SYSTEM "section.dtd">

<Section index="12" thickness="0.05" alignLocked="true">
<Transform dim="0"
 xcoef=" 0 1 0 0 0 0"
 ycoef=" 0 0 1 0 0 0">
<Image mag="0.00254" contrast="1" brightness="0" red="true" green="true" blue="true"
 src="../images/mystery2_12.jpg" />
<Contour name="domain1" hidden="false" closed="true" simplified="false" border="1 0 1" fill="1 0 1" mode="11"
 points="0 0,
	511 0,
	511 399,
	0 399,
	"/>
</Transform>

<Transform dim="0"
 xcoef=" 0 1 0 0 0 0"
 ycoef=" 0 0 1 0 0 0">
<Contour name="Mystery_Object_2" hidden="false" closed="true" simplified="true" border="1 0 1" fill="1 0 1" mode="9"
 points="0.225242 0.472527,
	0.232131 0.461506,
	0.243152 0.458062,
	0.265194 0.438086,
	0.276215 0.427065,
	0.281725 0.422244,
	0.287236 0.418799,
	0.298257 0.415355,
	0.303767 0.413978,
	0.306523 0.4126,
	0.328565 0.409156,
	0.350607 0.411911,
	0.356117 0.4126,
	0.367138 0.416733,
	0.372649 0.414667,
	0.378159 0.411222,
	0.382981 0.405712,
	0.405712 0.361628,
	0.411222 0.350607,
	0.42431 0.306523,
	0.436709 0.284481,
	0.439464 0.27897,
	0.461506 0.259683,
	0.472527 0.250729,
	0.491814 0.228687,
	0.513856 0.215599,
	0.524877 0.210089,
	0.530387 0.207333,
	0.55243 0.199756,
	0.574472 0.190113,
	0.579982 0.187358,
	0.624066 0.181158,
	0.635087 0.179781,
	0.657129 0.181847,
	0.66815 0.183225,
	0.670906 0.183225,
	0.681927 0.188735,
	0.687437 0.191491,
	0.698458 0.192868,
	0.709479 0.192868,
	0.731521 0.190802,
	0.753563 0.192179,
	0.775606 0.195623,
	0.786627 0.19769,
	0.792137 0.198379,
	0.814179 0.206644,
	0.81969 0.208022,
	0.841732 0.2094,
	0.852753 0.210089,
	0.858263 0.210777,
	0.880305 0.219732,
	0.885816 0.221798,
	0.907858 0.234197,
	0.918879 0.240396,
	0.940232 0.258994,
	0.956764 0.281036,
	0.978117 0.325121,
	0.996715 0.369205,
	1.0036 0.391247,
	1.00774 0.402268,
	1.01187 0.446352,
	1.01256 0.457373,
	1.01118 0.479415,
	1.01049 0.490436,
	1.00705 0.512478,
	1.00567 0.517989,
	0.978117 0.562073,
	0.973295 0.584115,
	0.962963 0.606157,
	0.960208 0.611668,
	0.926456 0.655752,
	0.917501 0.666773,
	0.874106 0.710857,
	0.85413 0.732899,
	0.843798 0.74392,
	0.832777 0.753563,
	0.830022 0.756319,
	0.819001 0.761829,
	0.80798 0.765962,
	0.802469 0.769406,
	0.792137 0.779738,
	0.789382 0.781805,
	0.783871 0.783183,
	0.778361 0.783183,
	0.77285 0.78456,
	0.750808 0.79627,
	0.739787 0.804536,
	0.734277 0.80798,
	0.723256 0.812113,
	0.717745 0.814868,
	0.706724 0.816246,
	0.703969 0.816246,
	0.698458 0.819001,
	0.695703 0.820379,
	0.690193 0.825889,
	0.66815 0.832777,
	0.646108 0.835532,
	0.624066 0.835532,
	0.613045 0.832777,
	0.607535 0.8314,
	0.596514 0.834155,
	0.55243 0.857575,
	0.541408 0.862396,
	0.538653 0.863774,
	0.527632 0.863085,
	0.516611 0.857575,
	0.513856 0.856197,
	0.24384 0.503524,
	0.234886 0.492503,
	0.227309 0.481482,
	0.225931 0.475971,
	0.225242 0.473216,
	"/>
</Transform>

</Section>