<?xml version="1.0"?>
<!DOCTYPE Section SYSTEM "section.dtd">

<Section index="11" thickness="0.05" alignLocked="true">
<Transform dim="0"
 xcoef=" 0 1 0 0 0 0"
 ycoef=" 0 0 1 0 0 0">
<Image mag="0.00254" contrast="1" brightness="0" red="true" green="true" blue="true"
 src="../images/mystery2_11.jpg" />
<Contour name="domain1" hidden="false" closed="true" simplified="false" border="1 0 1" fill="1 0 1" mode="11"
 points="0 0,
	511 0,
	511 399,
	0 399,
	"/>
</Transform>

<Transform dim="0"
 xcoef=" 0 1 0 0 0 0"
 ycoef=" 0 0 1 0 0 0">
<Contour name="Mystery_Object_2" hidden="false" closed="true" simplified="true" border="1 0 1" fill="1 0 1" mode="9"
 points="0.242256 0.446145,
	0.248833 0.428606,
	0.253218 0.419837,
	0.267468 0.402298,
	0.285007 0.392432,
	0.302546 0.384759,
	0.320085 0.383663,
	0.328854 0.382567,
	0.346393 0.384759,
	0.355162 0.386952,
	0.359547 0.388048,
	0.368316 0.385855,
	0.372701 0.383663,
	0.385855 0.366124,
	0.431895 0.295969,
	0.465876 0.271853,
	0.476838 0.254314,
	0.494377 0.237871,
	0.503147 0.230198,
	0.507531 0.225813,
	0.577687 0.196216,
	0.595226 0.190735,
	0.630304 0.185254,
	0.665381 0.187447,
	0.68292 0.188543,
	0.717998 0.196216,
	0.726767 0.198409,
	0.744306 0.196216,
	0.753076 0.196216,
	0.75746 0.19512,
	0.792538 0.202793,
	0.827616 0.214851,
	0.836385 0.21814,
	0.853924 0.219236,
	0.862694 0.221428,
	0.871463 0.225813,
	0.906541 0.248833,
	0.92408 0.259795,
	0.951484 0.293776,
	0.971215 0.328854,
	0.987658 0.363932,
	0.994235 0.381471,
	1.00191 0.416548,
	1.0052 0.434087,
	1.00629 0.442857,
	1.0041 0.477934,
	1.003 0.495473,
	0.99862 0.513012,
	0.996428 0.521782,
	0.995331 0.526166,
	0.986562 0.534936,
	0.98437 0.537128,
	0.981081 0.554667,
	0.971215 0.589745,
	0.969023 0.598514,
	0.954773 0.616053,
	0.922984 0.650035,
	0.908733 0.667574,
	0.897771 0.685113,
	0.892291 0.693882,
	0.876944 0.711421,
	0.869271 0.72019,
	0.834193 0.747595,
	0.825424 0.754172,
	0.790346 0.773903,
	0.772807 0.784865,
	0.755268 0.799115,
	0.737729 0.807885,
	0.72896 0.812269,
	0.724575 0.814462,
	0.707036 0.815558,
	0.702651 0.816654,
	0.693882 0.822135,
	0.676343 0.82652,
	0.641265 0.827616,
	0.623726 0.825424,
	0.619342 0.82652,
	0.610572 0.833097,
	0.593033 0.841866,
	0.575495 0.848443,
	0.557956 0.850636,
	0.553571 0.851732,
	0.544801 0.846251,
	0.488896 0.777192,
	0.270756 0.49657,
	0.244448 0.461492,
	0.242256 0.452722,
	0.242256 0.448338,
	0.242256 0.447241,
	"/>
</Transform>

</Section>