<?xml version="1.0"?>
<!DOCTYPE Section SYSTEM "section.dtd">

<Section index="13" thickness="0.05" alignLocked="true">
<Transform dim="0"
 xcoef=" 0 1 0 0 0 0"
 ycoef=" 0 0 1 0 0 0">
<Image mag="0.00254" contrast="1" brightness="0" red="true" green="true" blue="true"
 src="../images/mystery2_13.jpg" />
<Contour name="domain1" hidden="false" closed="true" simplified="false" border="1 0 1" fill="1 0 1" mode="11"
 points="0 0,
	511 0,
	511 399,
	0 399,
	"/>
</Transform>

<Transform dim="0"
 xcoef=" 0 1 0 0 0 0"
 ycoef=" 0 0 1 0 0 0">
<Contour name="domain1" hidden="false" closed="true" simplified="true" border="1 0 1" fill="1 0 1" mode="9"
 points="0.187178 0.467945,
	0.190173 0.461955,
	0.201403 0.454468,
	0.213383 0.452222,
	0.2613 0.449227,
	0.309218 0.442489,
	0.333177 0.438745,
	0.357136 0.436499,
	0.369115 0.43575,
	0.381094 0.429761,
	0.391576 0.41853,
	0.396069 0.41254,
	0.399063 0.409545,
	0.411043 0.385587,
	0.414038 0.379597,
	0.440243 0.283762,
	0.44174 0.277772,
	0.45896 0.253813,
	0.462704 0.247824,
	0.485914 0.226111,
	0.497893 0.216378,
	0.521852 0.202152,
	0.527842 0.198409,
	0.575759 0.183434,
	0.587739 0.179691,
	0.611698 0.175199,
	0.623677 0.173701,
	0.647636 0.179691,
	0.659615 0.182686,
	0.671595 0.187178,
	0.683574 0.193168,
	0.695553 0.19766,
	0.701543 0.198409,
	0.713522 0.195414,
	0.737481 0.193168,
	0.76144 0.196911,
	0.785399 0.202152,
	0.809357 0.202901,
	0.821337 0.202901,
	0.869254 0.211137,
	0.875244 0.211885,
	0.899203 0.222367,
	0.911182 0.227608,
	0.917172 0.229855,
	0.920167 0.231352,
	0.944126 0.253813,
	0.950115 0.259803,
	0.95311 0.262798,
	0.967336 0.286757,
	0.974823 0.298736,
	0.998033 0.346654,
	1.00702 0.370612,
	1.00926 0.376602,
	1.01076 0.379597,
	1.0145 0.403556,
	1.016 0.415535,
	1.0175 0.421525,
	1.019 0.469442,
	1.01301 0.493401,
	1.00552 0.51736,
	1.00178 0.529339,
	0.989797 0.553298,
	0.974823 0.577257,
	0.962095 0.601216,
	0.947869 0.625174,
	0.913428 0.673092,
	0.905193 0.685071,
	0.9007 0.691061,
	0.899203 0.694056,
	0.875244 0.714271,
	0.863265 0.724004,
	0.840055 0.746466,
	0.829573 0.758445,
	0.817593 0.765183,
	0.793635 0.775665,
	0.787645 0.780158,
	0.781655 0.786147,
	0.775665 0.79064,
	0.751707 0.80187,
	0.739727 0.807111,
	0.733738 0.810106,
	0.721758 0.813101,
	0.697799 0.822834,
	0.673841 0.83107,
	0.661861 0.834814,
	0.658866 0.836311,
	0.634908 0.838557,
	0.622928 0.840055,
	0.598969 0.838557,
	0.58699 0.837809,
	0.581 0.838557,
	0.575011 0.840803,
	0.569021 0.845296,
	0.563031 0.851285,
	0.557042 0.855778,
	0.533083 0.867008,
	0.521103 0.872998,
	0.515114 0.875244,
	0.509124 0.875993,
	0.503134 0.873747,
	0.491155 0.86626,
	0.339915 0.674589,
	0.266541 0.578754,
	0.230603 0.530837,
	0.211885 0.506878,
	0.194665 0.482919,
	0.188675 0.47094,
	0.187178 0.468694,
	"/>
</Transform>

</Section>