<?xml version="1.0"?>
<!DOCTYPE Section SYSTEM "section.dtd">

<Section index="30" thickness="0.05" alignLocked="true">
<Transform dim="0"
 xcoef=" 0 1 0 0 0 0"
 ycoef=" 0 0 1 0 0 0">
<Image mag="0.00254" contrast="1" brightness="0" red="true" green="true" blue="true"
 src="../images/mystery2_30.jpg" />
<Contour name="domain1" hidden="false" closed="true" simplified="false" border="1 0 1" fill="1 0 1" mode="11"
 points="0 0,
	511 0,
	511 399,
	0 399,
	"/>
</Transform>

<Transform dim="0"
 xcoef=" 0 1 0 0 0 0"
 ycoef=" 0 0 1 0 0 0">
<Contour name="Mystery_Object_2" hidden="false" closed="true" simplified="true" border="1 0 1" fill="1 0 1" mode="9"
 points="0.335883 0.234152,
	0.338766 0.2233,
	0.339444 0.220588,
	0.339783 0.217875,
	0.345039 0.207023,
	0.350973 0.196172,
	0.354025 0.190746,
	0.355551 0.188034,
	0.35623 0.186677,
	0.361655 0.181251,
	0.363012 0.179895,
	0.365724 0.1782,
	0.367081 0.177521,
	0.376406 0.16684,
	0.377593 0.165483,
	0.383867 0.154632,
	0.387258 0.149206,
	0.388784 0.146493,
	0.389462 0.145137,
	0.394379 0.139711,
	0.399804 0.135472,
	0.40523 0.131742,
	0.407943 0.129708,
	0.410656 0.128182,
	0.421507 0.123265,
	0.432359 0.118687,
	0.437784 0.117669,
	0.440497 0.116991,
	0.445923 0.116482,
	0.489328 0.116652,
	0.492041 0.116652,
	0.497467 0.11733,
	0.508318 0.119874,
	0.519169 0.122756,
	0.521882 0.123604,
	0.543585 0.128521,
	0.549011 0.129708,
	0.554436 0.130555,
	0.555793 0.130894,
	0.561218 0.134794,
	0.566644 0.139033,
	0.569357 0.141237,
	0.570713 0.142424,
	0.573426 0.143272,
	0.584277 0.145476,
	0.589703 0.146663,
	0.600555 0.147511,
	0.603267 0.147511,
	0.62497 0.15141,
	0.630396 0.153614,
	0.641247 0.158701,
	0.646673 0.161414,
	0.649386 0.16277,
	0.654811 0.167009,
	0.660237 0.171587,
	0.66295 0.17413,
	0.664306 0.175487,
	0.669732 0.179386,
	0.672445 0.181251,
	0.673801 0.182099,
	0.674479 0.182438,
	0.679905 0.187186,
	0.685331 0.192442,
	0.686687 0.193798,
	0.70076 0.215501,
	0.70839 0.226352,
	0.711272 0.231778,
	0.712798 0.234491,
	0.717376 0.245342,
	0.718563 0.248055,
	0.726023 0.258906,
	0.730601 0.264332,
	0.740266 0.275184,
	0.742809 0.277896,
	0.743487 0.278575,
	0.754339 0.283661,
	0.757051 0.284678,
	0.767903 0.28773,
	0.770616 0.288409,
	0.773328 0.288578,
	0.816734 0.286544,
	0.838436 0.287391,
	0.860139 0.290952,
	0.881842 0.297225,
	0.903545 0.303838,
	0.914396 0.307398,
	0.925247 0.311637,
	0.936099 0.316215,
	0.94695 0.319267,
	0.957801 0.321302,
	0.963227 0.32215,
	0.974078 0.326049,
	0.975435 0.326558,
	0.986286 0.328592,
	0.997138 0.331814,
	1.00256 0.33351,
	1.00799 0.334696,
	1.01341 0.335205,
	1.01884 0.336053,
	1.04054 0.34097,
	1.04326 0.342157,
	1.05411 0.344191,
	1.05953 0.345209,
	1.06225 0.345717,
	1.0636 0.346056,
	1.07445 0.346735,
	1.0853 0.3486,
	1.08802 0.348939,
	1.09344 0.350126,
	1.09616 0.350634,
	1.09683 0.350634,
	1.10226 0.352669,
	1.11311 0.354873,
	1.11854 0.35589,
	1.12125 0.356569,
	1.12396 0.356908,
	1.12532 0.357247,
	1.13074 0.35996,
	1.13346 0.361147,
	1.13481 0.361655,
	1.14567 0.368776,
	1.14702 0.369624,
	1.15787 0.378441,
	1.1633 0.383527,
	1.16466 0.384884,
	1.16533 0.385562,
	1.16567 0.385901,
	1.16788 0.396753,
	1.16805 0.398109,
	1.16771 0.400822,
	1.16635 0.403535,
	1.16364 0.405569,
	1.16228 0.406756,
	1.1616 0.407265,
	1.1399 0.405061,
	1.13447 0.404382,
	1.13176 0.404043,
	1.13041 0.403704,
	1.12905 0.402687,
	1.10735 0.395227,
	1.10192 0.393362,
	1.09921 0.392514,
	1.08836 0.39031,
	1.08293 0.389123,
	1.08022 0.388614,
	1.07886 0.388275,
	1.07344 0.386071,
	1.07072 0.384884,
	1.06937 0.384545,
	0.982556 0.383697,
	0.939151 0.383019,
	0.917448 0.38251,
	0.895745 0.381323,
	0.874042 0.379628,
	0.863191 0.377932,
	0.860478 0.377424,
	0.859122 0.377084,
	0.848271 0.376576,
	0.837419 0.375728,
	0.834706 0.375559,
	0.823855 0.373693,
	0.802152 0.371489,
	0.78045 0.368268,
	0.777737 0.367929,
	0.77638 0.36759,
	0.765529 0.368607,
	0.760103 0.369455,
	0.75739 0.369963,
	0.751965 0.371998,
	0.746539 0.374541,
	0.741113 0.377424,
	0.738401 0.379119,
	0.737214 0.379967,
	0.729923 0.390818,
	0.726362 0.396244,
	0.724497 0.398957,
	0.72348 0.400313,
	0.71212 0.422016,
	0.701777 0.443719,
	0.699234 0.449144,
	0.694656 0.45457,
	0.6894 0.459996,
	0.688044 0.461352,
	0.682618 0.465421,
	0.679905 0.467117,
	0.678549 0.468134,
	0.67787 0.468473,
	0.667019 0.478646,
	0.661593 0.483902,
	0.658881 0.486615,
	0.657524 0.487972,
	0.656846 0.48865,
	0.645995 0.49611,
	0.635143 0.501027,
	0.624292 0.507131,
	0.618866 0.510183,
	0.61344 0.512557,
	0.612084 0.513405,
	0.610728 0.514591,
	0.589025 0.520187,
	0.583599 0.521374,
	0.580886 0.521882,
	0.570035 0.525104,
	0.559184 0.527308,
	0.553758 0.528156,
	0.551045 0.528664,
	0.540194 0.531886,
	0.529343 0.533412,
	0.523917 0.534599,
	0.518491 0.536125,
	0.513065 0.538668,
	0.510353 0.540024,
	0.499501 0.542059,
	0.477799 0.542907,
	0.466947 0.542059,
	0.456096 0.540872,
	0.453383 0.540024,
	0.442532 0.535446,
	0.439819 0.534429,
	0.438462 0.533751,
	0.433037 0.528834,
	0.430324 0.52646,
	0.429646 0.525782,
	0.42795 0.523069,
	0.423542 0.517643,
	0.421168 0.514931,
	0.419133 0.512218,
	0.413369 0.501366,
	0.410656 0.495941,
	0.410147 0.494584,
	0.409978 0.493906,
	0.399126 0.484581,
	0.39777 0.483394,
	0.393362 0.477968,
	0.390988 0.475255,
	0.389123 0.472542,
	0.388275 0.471186,
	0.387258 0.468473,
	0.386749 0.467117,
	0.38624 0.461691,
	0.386071 0.458978,
	0.385901 0.457622,
	0.38641 0.452196,
	0.387258 0.449483,
	0.387766 0.448127,
	0.389801 0.437276,
	0.39014 0.434563,
	0.391327 0.41286,
	0.391327 0.391157,
	0.391327 0.380306,
	0.391327 0.37488,
	0.391496 0.372167,
	0.391496 0.370811,
	0.392005 0.368098,
	0.389801 0.357247,
	0.387936 0.351821,
	0.386919 0.349108,
	0.38624 0.347752,
	0.385393 0.345039,
	0.385223 0.344361,
	0.386071 0.338935,
	0.386919 0.336222,
	0.387088 0.334866,
	0.387258 0.334188,
	0.383867 0.328762,
	0.380136 0.323336,
	0.374711 0.317911,
	0.363859 0.309603,
	0.358603 0.304177,
	0.355043 0.298751,
	0.353517 0.296038,
	0.35233 0.294682,
	0.35216 0.293326,
	0.348939 0.2879,
	0.347243 0.285187,
	0.346395 0.283831,
	0.345887 0.283152,
	0.343004 0.272301,
	0.3408 0.266875,
	0.339613 0.264163,
	0.338935 0.262806,
	0.337579 0.257381,
	0.336901 0.254668,
	0.336561 0.251955,
	0.336053 0.241103,
	0.335883 0.235678,
	0.335883 0.234321,
	"/>
</Transform>

</Section>