<?xml version="1.0"?>
<!DOCTYPE Section SYSTEM "section.dtd">

<Section index="21" thickness="0.05" alignLocked="true">
<Transform dim="0"
 xcoef=" 0 1 0 0 0 0"
 ycoef=" 0 0 1 0 0 0">
<Image mag="0.00254" contrast="1" brightness="0" red="true" green="true" blue="true"
 src="../images/mystery2_21.jpg" />
<Contour name="domain1" hidden="false" closed="true" simplified="false" border="1 0 1" fill="1 0 1" mode="11"
 points="0 0,
	511 0,
	511 399,
	0 399,
	"/>
</Transform>

<Transform dim="0"
 xcoef=" 0 1 0 0 0 0"
 ycoef=" 0 0 1 0 0 0">
<Contour name="Mystery_Object_2" comment="dusten_traced_2018.05.23" hidden="false" closed="true" simplified="true" border="1 0 1" fill="1 0 1" mode="9"
 points="0.270918 0.439574,
	0.271453 0.435294,
	0.271988 0.433154,
	0.271453 0.431014,
	0.273058 0.413894,
	0.277338 0.396774,
	0.284293 0.379654,
	0.286968 0.371094,
	0.288573 0.366815,
	0.291248 0.362535,
	0.291783 0.360395,
	0.298738 0.351835,
	0.314788 0.33632,
	0.331907 0.32241,
	0.339932 0.314385,
	0.344212 0.310105,
	0.352772 0.303685,
	0.354912 0.302615,
	0.355982 0.301545,
	0.360262 0.29994,
	0.362402 0.298335,
	0.366682 0.29673,
	0.368822 0.295125,
	0.373102 0.29352,
	0.375242 0.292986,
	0.377382 0.291381,
	0.394502 0.286031,
	0.396642 0.285496,
	0.398247 0.283891,
	0.402527 0.282286,
	0.404667 0.281751,
	0.406807 0.280146,
	0.415366 0.277471,
	0.419646 0.274796,
	0.421786 0.273191,
	0.423926 0.272656,
	0.426066 0.271051,
	0.428206 0.270516,
	0.432486 0.267841,
	0.441046 0.265701,
	0.449606 0.264631,
	0.458166 0.264631,
	0.459236 0.264096,
	0.461376 0.264631,
	0.478496 0.261421,
	0.487055 0.260886,
	0.504175 0.258211,
	0.521295 0.257141,
	0.529855 0.257141,
	0.538415 0.256071,
	0.546975 0.256071,
	0.555535 0.254466,
	0.564094 0.254466,
	0.565164 0.253931,
	0.569444 0.254466,
	0.603684 0.251256,
	0.637924 0.246976,
	0.655043 0.245371,
	0.672163 0.244836,
	0.689283 0.245371,
	0.697843 0.245906,
	0.702123 0.245371,
	0.710683 0.246441,
	0.714963 0.246441,
	0.723522 0.248046,
	0.727802 0.249116,
	0.732082 0.249116,
	0.740642 0.250721,
	0.744922 0.250721,
	0.753482 0.252326,
	0.757762 0.252861,
	0.762042 0.251791,
	0.770602 0.252326,
	0.774882 0.253396,
	0.779162 0.253396,
	0.796281 0.258211,
	0.804841 0.262491,
	0.806981 0.263026,
	0.809121 0.264631,
	0.811261 0.265166,
	0.815541 0.268376,
	0.816611 0.268376,
	0.820891 0.271586,
	0.829451 0.276401,
	0.833731 0.279076,
	0.842291 0.286031,
	0.846571 0.289241,
	0.848711 0.291381,
	0.849246 0.292451,
	0.850316 0.292451,
	0.853526 0.29673,
	0.857806 0.29994,
	0.865296 0.3085,
	0.869041 0.31278,
	0.871716 0.31706,
	0.879205 0.32562,
	0.88295 0.3299,
	0.88509 0.331505,
	0.88509 0.332575,
	0.8883 0.336855,
	0.889905 0.338995,
	0.89044 0.341135,
	0.89365 0.345415,
	0.895255 0.347555,
	0.89579 0.349695,
	0.900605 0.358255,
	0.90649 0.375374,
	0.907025 0.379654,
	0.912375 0.396774,
	0.91291 0.401054,
	0.914515 0.405334,
	0.91719 0.422454,
	0.917725 0.426734,
	0.916655 0.443854,
	0.914515 0.452413,
	0.91398 0.456693,
	0.90863 0.473813,
	0.904885 0.482373,
	0.88723 0.516613,
	0.878135 0.533732,
	0.867971 0.550317,
	0.854061 0.567437,
	0.846571 0.575997,
	0.844431 0.578137,
	0.841756 0.582417,
	0.839616 0.584557,
	0.833731 0.593117,
	0.819286 0.610236,
	0.803236 0.625751,
	0.798956 0.628426,
	0.794677 0.632171,
	0.793607 0.633241,
	0.792537 0.633241,
	0.790397 0.634846,
	0.788257 0.635381,
	0.779697 0.641266,
	0.772742 0.649291,
	0.769532 0.653571,
	0.766857 0.662131,
	0.765252 0.670691,
	0.764717 0.68781,
	0.764717 0.69637,
	0.764717 0.70065,
	0.763112 0.70921,
	0.763112 0.71349,
	0.759902 0.73061,
	0.759367 0.731145,
	0.756692 0.73382,
	0.752412 0.737565,
	0.744387 0.742915,
	0.727267 0.750405,
	0.722987 0.751475,
	0.722452 0.751475,
	0.717103 0.752545,
	0.712823 0.752545,
	0.708543 0.750405,
	0.704263 0.747195,
	0.687143 0.737565,
	0.670023 0.72633,
	0.668418 0.724725,
	0.667348 0.724725,
	0.651833 0.70814,
	0.643273 0.70279,
	0.641133 0.701185,
	0.632574 0.69851,
	0.624014 0.696905,
	0.589774 0.700115,
	0.572654 0.70279,
	0.564094 0.704395,
	0.559815 0.705465,
	0.555535 0.70493,
	0.538415 0.706535,
	0.521295 0.70707,
	0.512735 0.70707,
	0.495615 0.70493,
	0.478496 0.70065,
	0.474216 0.69958,
	0.457096 0.699045,
	0.448536 0.697975,
	0.431416 0.69423,
	0.414296 0.68888,
	0.410016 0.686205,
	0.408946 0.686205,
	0.407877 0.685135,
	0.406807 0.685135,
	0.404667 0.68353,
	0.400387 0.68246,
	0.398247 0.680855,
	0.397177 0.680855,
	0.395037 0.679251,
	0.386477 0.676041,
	0.369357 0.665341,
	0.360797 0.659456,
	0.343677 0.642871,
	0.339397 0.639126,
	0.335117 0.636451,
	0.330837 0.632171,
	0.328698 0.630566,
	0.317998 0.613446,
	0.313183 0.604886,
	0.307298 0.596327,
	0.305693 0.594187,
	0.305693 0.593117,
	0.303553 0.590977,
	0.293388 0.573857,
	0.293388 0.572787,
	0.292318 0.572252,
	0.291783 0.570112,
	0.285898 0.561552,
	0.281083 0.552992,
	0.277873 0.544432,
	0.277873 0.540152,
	0.274128 0.523033,
	0.274663 0.518753,
	0.274128 0.510193,
	0.274128 0.505913,
	0.273058 0.501633,
	0.273058 0.493073,
	0.273593 0.488793,
	0.272523 0.471673,
	0.270918 0.463113,
	0.270918 0.445994,
	0.270918 0.441714,
	0.270918 0.440109,
	"/>
</Transform>

</Section>