<?xml version="1.0"?>
<!DOCTYPE Section SYSTEM "section.dtd">

<Section index="14" thickness="0.05" alignLocked="true">
<Transform dim="0"
 xcoef=" 0 1 0 0 0 0"
 ycoef=" 0 0 1 0 0 0">
<Image mag="0.00254" contrast="1" brightness="0" red="true" green="true" blue="true"
 src="../images/mystery2_14.jpg" />
<Contour name="domain1" hidden="false" closed="true" simplified="false" border="1 0 1" fill="1 0 1" mode="11"
 points="0 0,
	511 0,
	511 399,
	0 399,
	"/>
</Transform>

<Transform dim="0"
 xcoef=" 0 1 0 0 0 0"
 ycoef=" 0 0 1 0 0 0">
<Contour name="domain1" hidden="false" closed="true" simplified="true" border="1 0 1" fill="1 0 1" mode="9"
 points="0.153486 0.47094,
	0.154983 0.46495,
	0.161722 0.452971,
	0.167711 0.44773,
	0.170706 0.444735,
	0.182686 0.442489,
	0.194665 0.44174,
	0.218624 0.442489,
	0.242583 0.444735,
	0.254562 0.445484,
	0.260552 0.446232,
	0.28451 0.443237,
	0.308469 0.437996,
	0.332428 0.428263,
	0.356387 0.420776,
	0.368366 0.417781,
	0.392325 0.407299,
	0.398315 0.405053,
	0.40131 0.403556,
	0.413289 0.393074,
	0.419279 0.387833,
	0.423022 0.381843,
	0.428263 0.369864,
	0.431258 0.363874,
	0.44174 0.315956,
	0.445484 0.291998,
	0.446981 0.280018,
	0.455217 0.256059,
	0.459709 0.24408,
	0.467196 0.232101,
	0.471688 0.226111,
	0.483668 0.215629,
	0.489658 0.211137,
	0.501637 0.205896,
	0.525596 0.198409,
	0.531585 0.196911,
	0.555544 0.185681,
	0.561534 0.182686,
	0.564529 0.181188,
	0.588487 0.178193,
	0.612446 0.179691,
	0.636405 0.184932,
	0.660364 0.196162,
	0.684323 0.204398,
	0.690312 0.206644,
	0.714271 0.208142,
	0.762189 0.207393,
	0.786147 0.204398,
	0.798127 0.202152,
	0.846044 0.199157,
	0.852034 0.199157,
	0.875993 0.20365,
	0.887972 0.207393,
	0.911931 0.221619,
	0.92391 0.228357,
	0.947869 0.251567,
	0.953859 0.257557,
	0.956854 0.260552,
	0.983059 0.308469,
	0.989797 0.320449,
	1.00103 0.344407,
	1.00702 0.356387,
	1.00926 0.362377,
	1.01675 0.410294,
	1.019 0.434253,
	1.01975 0.446232,
	1.02049 0.452222,
	1.016 0.476181,
	1.01376 0.48816,
	1.00552 0.512119,
	1.00103 0.524098,
	0.9883 0.548057,
	0.977069 0.572016,
	0.962843 0.595975,
	0.9591 0.601964,
	0.939633 0.625923,
	0.9299 0.637902,
	0.92391 0.649882,
	0.920167 0.655872,
	0.916423 0.667851,
	0.915675 0.670846,
	0.915675 0.672343,
	0.90669 0.684323,
	0.895459 0.694056,
	0.892464 0.695553,
	0.88348 0.707533,
	0.872249 0.718763,
	0.86027 0.728497,
	0.853531 0.740476,
	0.830321 0.76144,
	0.824332 0.766681,
	0.812352 0.771173,
	0.806363 0.774168,
	0.794383 0.777163,
	0.788394 0.77866,
	0.786896 0.77866,
	0.774917 0.789142,
	0.762937 0.795132,
	0.750958 0.802619,
	0.744968 0.80786,
	0.732989 0.814598,
	0.721009 0.819839,
	0.71502 0.822834,
	0.712025 0.824332,
	0.700046 0.823583,
	0.694056 0.823583,
	0.670097 0.83706,
	0.658118 0.840055,
	0.634159 0.840803,
	0.586241 0.839306,
	0.574262 0.839306,
	0.568272 0.839306,
	0.520355 0.873747,
	0.514365 0.878239,
	0.490406 0.888721,
	0.478427 0.88947,
	0.466447 0.881234,
	0.317454 0.689564,
	0.172952 0.497893,
	0.154983 0.473935,
	0.153486 0.472437,
	0.153486 0.471688,
	"/>
</Transform>

</Section>