<?xml version="1.0"?>
<!DOCTYPE Section SYSTEM "section.dtd">

<Section index="22" thickness="0.05" alignLocked="true">
<Transform dim="0"
 xcoef=" 0 1 0 0 0 0"
 ycoef=" 0 0 1 0 0 0">
<Image mag="0.00254" contrast="1" brightness="0" red="true" green="true" blue="true"
 src="../images/mystery2_22.jpg" />
<Contour name="domain1" hidden="false" closed="true" simplified="false" border="1 0 1" fill="1 0 1" mode="11"
 points="0 0,
	511 0,
	511 399,
	0 399,
	"/>
</Transform>

<Transform dim="0"
 xcoef=" 0 1 0 0 0 0"
 ycoef=" 0 0 1 0 0 0">
<Contour name="Mystery_Object_2" hidden="false" closed="true" simplified="true" border="1 0 1" fill="1 0 1" mode="9"
 points="0.261077 0.42425,
	0.265357 0.40713,
	0.270707 0.39001,
	0.271776 0.38573,
	0.271776 0.38466,
	0.274451 0.38038,
	0.278196 0.37182,
	0.279266 0.36968,
	0.280336 0.36861,
	0.280336 0.36754,
	0.286756 0.35898,
	0.288896 0.357375,
	0.293711 0.348815,
	0.299596 0.340256,
	0.302271 0.335976,
	0.303876 0.333836,
	0.304411 0.331696,
	0.310831 0.323136,
	0.311901 0.320996,
	0.320461 0.312971,
	0.324741 0.309226,
	0.329021 0.306551,
	0.337581 0.299061,
	0.341861 0.295316,
	0.346141 0.292641,
	0.35042 0.288896,
	0.36754 0.278731,
	0.3761 0.277661,
	0.38038 0.277126,
	0.38894 0.277661,
	0.3975 0.277126,
	0.41462 0.273916,
	0.41676 0.273916,
	0.42104 0.271776,
	0.42318 0.270707,
	0.42532 0.270707,
	0.442439 0.263752,
	0.446719 0.261077,
	0.448859 0.260007,
	0.457419 0.260007,
	0.461699 0.261612,
	0.465979 0.261612,
	0.470259 0.262682,
	0.474539 0.262682,
	0.483099 0.260542,
	0.487379 0.260007,
	0.495939 0.255727,
	0.500219 0.254122,
	0.508778 0.253052,
	0.517338 0.253587,
	0.525898 0.253052,
	0.543018 0.253587,
	0.560138 0.253052,
	0.594377 0.255727,
	0.611497 0.258402,
	0.645737 0.258937,
	0.654297 0.258937,
	0.662856 0.260007,
	0.664996 0.261077,
	0.667136 0.261077,
	0.684256 0.268567,
	0.692816 0.271776,
	0.701376 0.273916,
	0.705656 0.275521,
	0.714216 0.277126,
	0.718496 0.277661,
	0.722776 0.279266,
	0.731336 0.280871,
	0.748455 0.281941,
	0.752735 0.283011,
	0.769855 0.291036,
	0.771995 0.292641,
	0.780555 0.296386,
	0.789115 0.301201,
	0.797675 0.304946,
	0.806235 0.310831,
	0.814794 0.317786,
	0.819074 0.320461,
	0.827099 0.329021,
	0.840474 0.346141,
	0.864549 0.38038,
	0.869899 0.38894,
	0.869899 0.39001,
	0.871504 0.39215,
	0.875784 0.40927,
	0.877924 0.41783,
	0.877924 0.434949,
	0.877924 0.443509,
	0.877389 0.447789,
	0.876854 0.449929,
	0.875784 0.450999,
	0.875249 0.453139,
	0.870969 0.457419,
	0.868829 0.459559,
	0.864014 0.468119,
	0.859199 0.485239,
	0.858129 0.493799,
	0.857059 0.498079,
	0.856524 0.506638,
	0.853314 0.523758,
	0.844219 0.540878,
	0.841544 0.545158,
	0.839939 0.547298,
	0.838334 0.551578,
	0.832449 0.560138,
	0.830844 0.564418,
	0.825494 0.572978,
	0.823354 0.577258,
	0.817469 0.585817,
	0.812655 0.594377,
	0.80677 0.602937,
	0.798745 0.610962,
	0.796605 0.613102,
	0.779485 0.623267,
	0.778415 0.624337,
	0.776275 0.624872,
	0.759155 0.635037,
	0.750595 0.640922,
	0.746315 0.644132,
	0.744175 0.645737,
	0.742035 0.646272,
	0.737755 0.649482,
	0.736685 0.649482,
	0.728126 0.655367,
	0.723846 0.657507,
	0.721706 0.659111,
	0.720636 0.660181,
	0.719566 0.660181,
	0.717426 0.661786,
	0.715286 0.662321,
	0.698166 0.674091,
	0.689606 0.679976,
	0.681046 0.683721,
	0.663926 0.685326,
	0.655367 0.685861,
	0.651087 0.685326,
	0.646807 0.686396,
	0.644667 0.685861,
	0.636107 0.687466,
	0.627547 0.688001,
	0.593307 0.694421,
	0.589027 0.696026,
	0.584747 0.696026,
	0.567628 0.700306,
	0.565488 0.700306,
	0.556928 0.702981,
	0.548368 0.703516,
	0.544088 0.704051,
	0.541948 0.704586,
	0.539808 0.704051,
	0.522688 0.706191,
	0.488449 0.708866,
	0.479889 0.709401,
	0.475609 0.708866,
	0.471329 0.709401,
	0.454209 0.706726,
	0.437089 0.701911,
	0.41997 0.695491,
	0.41141 0.690676,
	0.40285 0.688001,
	0.40071 0.686396,
	0.39215 0.683721,
	0.39001 0.682116,
	0.38787 0.681581,
	0.3868 0.681581,
	0.38573 0.680511,
	0.38145 0.679441,
	0.37931 0.677836,
	0.37717 0.677301,
	0.37503 0.675696,
	0.37289 0.675161,
	0.36861 0.672486,
	0.36433 0.670881,
	0.360585 0.668206,
	0.359515 0.668206,
	0.358445 0.667136,
	0.356305 0.666601,
	0.347746 0.660181,
	0.345606 0.658042,
	0.344536 0.655902,
	0.335976 0.647342,
	0.320461 0.630222,
	0.313506 0.621662,
	0.310296 0.617382,
	0.309226 0.615242,
	0.308156 0.614172,
	0.308156 0.613102,
	0.304946 0.608822,
	0.303876 0.606682,
	0.301736 0.604542,
	0.297991 0.595982,
	0.286756 0.578863,
	0.283011 0.570303,
	0.278196 0.553183,
	0.272311 0.536063,
	0.270172 0.527503,
	0.269102 0.523223,
	0.267497 0.506103,
	0.268032 0.497544,
	0.266427 0.488984,
	0.266427 0.480424,
	0.263752 0.463304,
	0.262147 0.446184,
	0.261077 0.437624,
	0.261077 0.429064,
	0.261077 0.424785,
	"/>
</Transform>

</Section>