<?xml version="1.0"?>
<!DOCTYPE Section SYSTEM "section.dtd">

<Section index="25" thickness="0.05" alignLocked="true">
<Transform dim="0"
 xcoef=" 0 1 0 0 0 0"
 ycoef=" 0 0 1 0 0 0">
<Image mag="0.00254" contrast="1" brightness="0" red="true" green="true" blue="true"
 src="../images/mystery2_25.jpg" />
<Contour name="domain1" hidden="false" closed="true" simplified="false" border="1 0 1" fill="1 0 1" mode="11"
 points="0 0,
	511 0,
	511 399,
	0 399,
	"/>
</Transform>

<Transform dim="0"
 xcoef=" 0 1 0 0 0 0"
 ycoef=" 0 0 1 0 0 0">
<Contour name="Mystery_Object_2" hidden="false" closed="true" simplified="true" border="1 0 1" fill="1 0 1" mode="9"
 points="0.261485 0.421113,
	0.283529 0.372465,
	0.28961 0.360303,
	0.298732 0.34814,
	0.303293 0.342059,
	0.304813 0.339779,
	0.326857 0.316215,
	0.332938 0.310134,
	0.337499 0.305573,
	0.348901 0.295691,
	0.351941 0.293411,
	0.376265 0.284289,
	0.388427 0.280489,
	0.394509 0.277448,
	0.406671 0.275168,
	0.409711 0.274408,
	0.411231 0.274408,
	0.412752 0.272887,
	0.424914 0.269087,
	0.427954 0.269087,
	0.430995 0.267566,
	0.443157 0.267566,
	0.449238 0.269087,
	0.4614 0.266806,
	0.485724 0.266046,
	0.497886 0.265286,
	0.503968 0.264526,
	0.51613 0.260725,
	0.522211 0.259205,
	0.528292 0.259205,
	0.534373 0.257685,
	0.558697 0.257685,
	0.570859 0.258445,
	0.583021 0.263766,
	0.594423 0.272127,
	0.600504 0.276688,
	0.612666 0.282009,
	0.636991 0.29037,
	0.661315 0.297212,
	0.673477 0.304053,
	0.679558 0.305573,
	0.682599 0.307093,
	0.684119 0.307093,
	0.696281 0.314695,
	0.707683 0.323816,
	0.713764 0.327617,
	0.719845 0.332938,
	0.722886 0.335978,
	0.730487 0.34814,
	0.742649 0.372465,
	0.74797 0.384627,
	0.75025 0.387667,
	0.754811 0.399829,
	0.768494 0.448478,
	0.769254 0.46064,
	0.767733 0.472802,
	0.766213 0.478883,
	0.765453 0.491045,
	0.763173 0.503207,
	0.755571 0.527532,
	0.75101 0.539694,
	0.738088 0.564018,
	0.732767 0.570099,
	0.725166 0.582261,
	0.713004 0.594423,
	0.706923 0.598984,
	0.683359 0.621028,
	0.659034 0.640031,
	0.646872 0.645352,
	0.622548 0.659034,
	0.598224 0.671197,
	0.586062 0.677278,
	0.561738 0.686399,
	0.513089 0.6902,
	0.500927 0.69248,
	0.476603 0.699321,
	0.470522 0.700842,
	0.45836 0.700842,
	0.446198 0.699321,
	0.434035 0.695521,
	0.421873 0.6902,
	0.415792 0.68792,
	0.40363 0.681078,
	0.397549 0.677278,
	0.396029 0.677278,
	0.392988 0.674997,
	0.380826 0.669676,
	0.368664 0.665876,
	0.362583 0.662075,
	0.361063 0.659795,
	0.354982 0.655234,
	0.337499 0.63091,
	0.325337 0.618747,
	0.319255 0.612666,
	0.315455 0.606585,
	0.312414 0.603545,
	0.304053 0.591383,
	0.299492 0.585302,
	0.297972 0.582261,
	0.296452 0.580741,
	0.28809 0.556417,
	0.283529 0.544255,
	0.278208 0.51993,
	0.275928 0.513849,
	0.275928 0.510809,
	0.268327 0.486485,
	0.267566 0.474322,
	0.262246 0.449998,
	0.261485 0.425674,
	0.261485 0.422633,
	0.261485 0.421873,
	"/>
</Transform>

</Section>