<?xml version="1.0"?>
<!DOCTYPE Section SYSTEM "section.dtd">

<Section index="18" thickness="0.05" alignLocked="true">
<Transform dim="0"
 xcoef=" 0 1 0 0 0 0"
 ycoef=" 0 0 1 0 0 0">
<Image mag="0.00254" contrast="1" brightness="0" red="true" green="true" blue="true"
 src="../images/mystery2_18.jpg" />
<Contour name="domain1" hidden="false" closed="true" simplified="false" border="1 0 1" fill="1 0 1" mode="11"
 points="0 0,
	511 0,
	511 399,
	0 399,
	"/>
</Transform>

<Transform dim="0"
 xcoef=" 0 1 0 0 0 0"
 ycoef=" 0 0 1 0 0 0">
<Contour name="Mystery_Object_2" comment="dusten_traced_2018.05.24" hidden="false" closed="true" simplified="true" border="1 0 1" fill="1 0 1" mode="9"
 points="0.186497 0.674453,
	0.191606 0.662775,
	0.193431 0.659855,
	0.19927 0.65438,
	0.210949 0.645256,
	0.213869 0.642702,
	0.225548 0.636132,
	0.228467 0.635402,
	0.251825 0.635037,
	0.263504 0.635402,
	0.275183 0.636497,
	0.281022 0.637227,
	0.286862 0.636862,
	0.289781 0.636497,
	0.295621 0.637227,
	0.30146 0.636497,
	0.30292 0.636132,
	0.314599 0.626643,
	0.320438 0.622264,
	0.330292 0.610585,
	0.333942 0.604745,
	0.335037 0.603285,
	0.336862 0.597446,
	0.337957 0.594526,
	0.338322 0.591607,
	0.339052 0.590147,
	0.338687 0.584307,
	0.337592 0.578468,
	0.333577 0.566789,
	0.328833 0.55511,
	0.327738 0.552191,
	0.324453 0.546351,
	0.322993 0.540512,
	0.321898 0.528833,
	0.316789 0.505475,
	0.317154 0.493796,
	0.317519 0.487957,
	0.317154 0.476278,
	0.317519 0.464599,
	0.317154 0.45292,
	0.316424 0.447081,
	0.316789 0.441241,
	0.318249 0.438322,
	0.319344 0.432482,
	0.319344 0.426643,
	0.320803 0.420803,
	0.321168 0.419344,
	0.321168 0.418614,
	0.322263 0.417154,
	0.323723 0.411314,
	0.326278 0.405475,
	0.333942 0.393796,
	0.334307 0.392336,
	0.336497 0.389417,
	0.336497 0.388687,
	0.337592 0.387227,
	0.337957 0.385767,
	0.339781 0.382847,
	0.340876 0.379928,
	0.356205 0.35657,
	0.367884 0.345256,
	0.373723 0.341241,
	0.385402 0.334307,
	0.397081 0.328103,
	0.400001 0.326278,
	0.40292 0.325183,
	0.414599 0.316059,
	0.426278 0.30803,
	0.427008 0.3073,
	0.432847 0.304745,
	0.438687 0.30146,
	0.441606 0.3,
	0.443066 0.298906,
	0.454745 0.294526,
	0.456205 0.293796,
	0.459125 0.293431,
	0.470804 0.289416,
	0.476643 0.285767,
	0.486132 0.274088,
	0.489052 0.271168,
	0.494891 0.267154,
	0.500731 0.263869,
	0.50657 0.259489,
	0.50949 0.256935,
	0.510585 0.255475,
	0.516424 0.252555,
	0.522263 0.25073,
	0.528103 0.250365,
	0.531023 0.25,
	0.531753 0.249635,
	0.534672 0.25,
	0.546351 0.248176,
	0.549271 0.247081,
	0.552191 0.245256,
	0.55803 0.240146,
	0.56095 0.237592,
	0.572629 0.233577,
	0.578468 0.232847,
	0.590147 0.229562,
	0.595986 0.227738,
	0.607665 0.225548,
	0.613504 0.224453,
	0.619344 0.224088,
	0.625183 0.222993,
	0.631023 0.222628,
	0.642702 0.220073,
	0.648541 0.218613,
	0.66022 0.214234,
	0.666059 0.211679,
	0.668979 0.210219,
	0.680658 0.207665,
	0.686497 0.20657,
	0.692337 0.206205,
	0.695256 0.20657,
	0.706935 0.204015,
	0.718614 0.202555,
	0.724454 0.20219,
	0.730293 0.202555,
	0.741972 0.20146,
	0.753651 0.201095,
	0.75949 0.200365,
	0.771169 0.200365,
	0.794527 0.202555,
	0.806205 0.20365,
	0.817884 0.205475,
	0.820804 0.20584,
	0.822264 0.205475,
	0.825184 0.20657,
	0.826643 0.20657,
	0.838322 0.211314,
	0.86168 0.215329,
	0.8646 0.216059,
	0.867519 0.217884,
	0.868979 0.218613,
	0.871169 0.221533,
	0.882848 0.229197,
	0.888687 0.233942,
	0.894527 0.237957,
	0.897446 0.239781,
	0.920804 0.260949,
	0.926644 0.266059,
	0.936133 0.277373,
	0.944162 0.289051,
	0.947082 0.294891,
	0.962775 0.318249,
	0.96533 0.324088,
	0.967155 0.327008,
	0.968249 0.329927,
	0.970074 0.332847,
	0.972264 0.338687,
	0.978104 0.350365,
	0.986133 0.373723,
	0.986863 0.376643,
	0.988687 0.423358,
	0.989052 0.429198,
	0.988687 0.435037,
	0.989052 0.440877,
	0.986863 0.464234,
	0.985403 0.475913,
	0.983213 0.487592,
	0.978833 0.499271,
	0.978104 0.500001,
	0.976279 0.50584,
	0.975184 0.5073,
	0.974089 0.51022,
	0.972264 0.513139,
	0.967155 0.518979,
	0.96314 0.524818,
	0.959855 0.530658,
	0.957301 0.536497,
	0.956206 0.539417,
	0.952556 0.545256,
	0.949636 0.551096,
	0.945257 0.556935,
	0.939782 0.562045,
	0.933943 0.566059,
	0.928103 0.570804,
	0.922264 0.573358,
	0.919344 0.575183,
	0.916425 0.576278,
	0.914965 0.577008,
	0.909125 0.582118,
	0.886863 0.605475,
	0.881388 0.61095,
	0.879928 0.61241,
	0.876644 0.618249,
	0.871899 0.629928,
	0.870074 0.641607,
	0.871169 0.664964,
	0.870439 0.667884,
	0.870074 0.669344,
	0.870804 0.672264,
	0.869709 0.683943,
	0.870074 0.686862,
	0.868614 0.692702,
	0.868249 0.695621,
	0.867154 0.698541,
	0.86022 0.71022,
	0.856206 0.716059,
	0.854746 0.718979,
	0.852556 0.721899,
	0.829928 0.745256,
	0.827008 0.747081,
	0.825549 0.748541,
	0.824089 0.749271,
	0.800731 0.770439,
	0.794892 0.775184,
	0.791972 0.777373,
	0.768614 0.790147,
	0.756935 0.797081,
	0.745256 0.804746,
	0.733578 0.81022,
	0.721899 0.8146,
	0.716059 0.81606,
	0.71314 0.816424,
	0.71022 0.817884,
	0.686862 0.820439,
	0.675183 0.819344,
	0.669344 0.817519,
	0.666424 0.816424,
	0.660585 0.815695,
	0.659125 0.81533,
	0.656205 0.815695,
	0.650366 0.81314,
	0.638687 0.806205,
	0.632848 0.802921,
	0.627008 0.798906,
	0.624088 0.796716,
	0.61241 0.789782,
	0.600731 0.782118,
	0.596716 0.776278,
	0.589782 0.7646,
	0.586497 0.75876,
	0.577373 0.747446,
	0.574453 0.745256,
	0.568614 0.739417,
	0.559125 0.727738,
	0.55438 0.721899,
	0.548541 0.716424,
	0.545621 0.7146,
	0.539782 0.712775,
	0.533942 0.71168,
	0.531023 0.71095,
	0.525183 0.711315,
	0.519344 0.71095,
	0.507665 0.713505,
	0.501826 0.71387,
	0.498906 0.714235,
	0.498176 0.714235,
	0.496716 0.715329,
	0.490877 0.716424,
	0.487957 0.717519,
	0.485037 0.717884,
	0.461679 0.727373,
	0.45584 0.729198,
	0.450001 0.730293,
	0.444161 0.732118,
	0.420803 0.734308,
	0.397446 0.735037,
	0.385767 0.735767,
	0.379928 0.735767,
	0.368249 0.738322,
	0.35657 0.744527,
	0.35073 0.748541,
	0.349271 0.749271,
	0.343431 0.754381,
	0.340511 0.75657,
	0.328833 0.768249,
	0.326278 0.771169,
	0.314599 0.778103,
	0.30292 0.783943,
	0.291241 0.788687,
	0.279562 0.791972,
	0.273723 0.792702,
	0.270803 0.792702,
	0.269343 0.792702,
	0.263504 0.789417,
	0.260584 0.787227,
	0.24927 0.775549,
	0.243431 0.769709,
	0.240511 0.766789,
	0.231022 0.755111,
	0.226278 0.749271,
	0.209854 0.725913,
	0.20146 0.714235,
	0.193796 0.702556,
	0.188321 0.690877,
	0.188321 0.690147,
	0.187591 0.689417,
	0.188686 0.686497,
	0.187227 0.680658,
	0.186497 0.677738,
	0.186497 0.674818,
	"/>
</Transform>

</Section>