<?xml version="1.0"?>
<!DOCTYPE Section SYSTEM "section.dtd">

<Section index="27" thickness="0.05" alignLocked="true">
<Transform dim="0"
 xcoef=" 0 1 0 0 0 0"
 ycoef=" 0 0 1 0 0 0">
<Image mag="0.00254" contrast="1" brightness="0" red="true" green="true" blue="true"
 src="../images/mystery2_27.jpg" />
<Contour name="domain1" hidden="false" closed="true" simplified="false" border="1 0 1" fill="1 0 1" mode="11"
 points="0 0,
	511 0,
	511 399,
	0 399,
	"/>
</Transform>

<Transform dim="0"
 xcoef=" 0 1 0 0 0 0"
 ycoef=" 0 0 1 0 0 0">
<Contour name="Mystery_Object_2" hidden="false" closed="true" simplified="true" border="1 0 1" fill="1 0 1" mode="9"
 points="0.285123 0.440732,
	0.288022 0.425267,
	0.298654 0.394339,
	0.30252 0.386607,
	0.315085 0.371143,
	0.320884 0.36341,
	0.322817 0.359544,
	0.330549 0.351812,
	0.334415 0.347946,
	0.337314 0.346013,
	0.367276 0.317984,
	0.379841 0.30252,
	0.38564 0.294788,
	0.387573 0.287056,
	0.386607 0.271591,
	0.381774 0.256127,
	0.378875 0.240663,
	0.376942 0.232931,
	0.375975 0.202002,
	0.375975 0.198136,
	0.381774 0.182672,
	0.391439 0.167207,
	0.405937 0.153676,
	0.413669 0.148844,
	0.429134 0.145944,
	0.444598 0.145944,
	0.460062 0.150777,
	0.475526 0.160442,
	0.490991 0.173007,
	0.498723 0.179772,
	0.506455 0.184605,
	0.568312 0.202969,
	0.572178 0.202969,
	0.603107 0.215533,
	0.618571 0.225198,
	0.634035 0.237763,
	0.641767 0.243562,
	0.647566 0.249361,
	0.654332 0.257094,
	0.672696 0.288022,
	0.681394 0.303486,
	0.684294 0.307352,
	0.695892 0.338281,
	0.701691 0.353745,
	0.704591 0.369209,
	0.718122 0.400138,
	0.723921 0.415602,
	0.726821 0.423334,
	0.730687 0.454263,
	0.73262 0.469727,
	0.73262 0.477459,
	0.722955 0.508388,
	0.720055 0.51612,
	0.709423 0.531584,
	0.705557 0.539316,
	0.678495 0.568312,
	0.667863 0.583776,
	0.652399 0.597307,
	0.636935 0.607939,
	0.635002 0.609872,
	0.619537 0.615671,
	0.611805 0.617604,
	0.596341 0.62437,
	0.588609 0.628236,
	0.584743 0.629203,
	0.580877 0.632102,
	0.565412 0.635968,
	0.549948 0.6437,
	0.542216 0.6466,
	0.526752 0.648533,
	0.51902 0.651432,
	0.511287 0.656265,
	0.503555 0.659165,
	0.499689 0.661098,
	0.484225 0.660131,
	0.476493 0.662064,
	0.445564 0.662064,
	0.4301 0.660131,
	0.399172 0.644667,
	0.391439 0.640801,
	0.375975 0.629203,
	0.345047 0.600207,
	0.343114 0.597307,
	0.336348 0.589575,
	0.332482 0.585709,
	0.323783 0.570245,
	0.318951 0.562513,
	0.293821 0.500656,
	0.288022 0.469727,
	0.285123 0.454263,
	0.285123 0.446531,
	0.285123 0.442665,
	0.285123 0.441698,
	"/>
</Transform>

</Section>