<?xml version="1.0"?>
<!DOCTYPE Section SYSTEM "section.dtd">

<Section index="19" thickness="0.05" alignLocked="true">
<Transform dim="0"
 xcoef=" 0 1 0 0 0 0"
 ycoef=" 0 0 1 0 0 0">
<Image mag="0.00254" contrast="1" brightness="0" red="true" green="true" blue="true"
 src="../images/mystery2_19.jpg" />
<Contour name="domain1" hidden="false" closed="true" simplified="false" border="1 0 1" fill="1 0 1" mode="11"
 points="0 0,
	511 0,
	511 399,
	0 399,
	"/>
</Transform>

<Transform dim="0"
 xcoef=" 0 1 0 0 0 0"
 ycoef=" 0 0 1 0 0 0">
<Contour name="Mystery_Object_2" hidden="false" closed="true" simplified="true" border="1 0 1" fill="1 0 1" mode="9"
 points="0.191812 0.702762,
	0.192518 0.698997,
	0.192754 0.697114,
	0.193224 0.695231,
	0.19393 0.693348,
	0.194048 0.692877,
	0.194283 0.692642,
	0.194519 0.691701,
	0.195695 0.689935,
	0.196519 0.688994,
	0.200285 0.686052,
	0.20205 0.684758,
	0.202991 0.684287,
	0.203933 0.683581,
	0.204404 0.683228,
	0.204639 0.682875,
	0.206404 0.68158,
	0.208169 0.680051,
	0.209111 0.679345,
	0.209817 0.678756,
	0.210287 0.678521,
	0.210523 0.678168,
	0.212288 0.676873,
	0.214171 0.675344,
	0.214994 0.67452,
	0.21676 0.673225,
	0.220407 0.670048,
	0.220878 0.669695,
	0.221114 0.669695,
	0.222879 0.668518,
	0.223114 0.668518,
	0.223585 0.668165,
	0.224055 0.668048,
	0.224291 0.667812,
	0.228056 0.666283,
	0.231822 0.665223,
	0.232293 0.665106,
	0.232646 0.665223,
	0.233117 0.664988,
	0.233587 0.664988,
	0.234058 0.664753,
	0.235941 0.6644,
	0.243472 0.663811,
	0.245355 0.663811,
	0.246296 0.663811,
	0.246767 0.663694,
	0.254298 0.664047,
	0.258064 0.6644,
	0.259005 0.664517,
	0.260888 0.6644,
	0.26183 0.664517,
	0.262771 0.66487,
	0.263242 0.66487,
	0.265124 0.665812,
	0.26536 0.665812,
	0.26583 0.666165,
	0.266772 0.6664,
	0.267713 0.666989,
	0.267949 0.666989,
	0.268184 0.667224,
	0.269125 0.667459,
	0.271008 0.668401,
	0.27195 0.668989,
	0.27242 0.669224,
	0.272656 0.669224,
	0.273126 0.669577,
	0.273244 0.669813,
	0.273715 0.669931,
	0.274656 0.670637,
	0.275127 0.67099,
	0.275362 0.67099,
	0.278657 0.673814,
	0.28054 0.675344,
	0.281364 0.675814,
	0.283247 0.677462,
	0.283953 0.67805,
	0.284894 0.678756,
	0.285129 0.679227,
	0.285365 0.679345,
	0.285365 0.67958,
	0.286188 0.680404,
	0.286424 0.680757,
	0.286659 0.680874,
	0.286659 0.68111,
	0.287483 0.681933,
	0.28866 0.683581,
	0.28913 0.684052,
	0.290425 0.685934,
	0.290425 0.68617,
	0.291013 0.687111,
	0.291249 0.687347,
	0.291602 0.688288,
	0.291719 0.688759,
	0.292072 0.689229,
	0.29372 0.692995,
	0.294426 0.694878,
	0.294779 0.695819,
	0.295132 0.69629,
	0.296662 0.700056,
	0.29725 0.701938,
	0.297485 0.70288,
	0.297485 0.703115,
	0.297721 0.703351,
	0.297956 0.705233,
	0.298191 0.706175,
	0.298074 0.708058,
	0.298191 0.711823,
	0.297956 0.719354,
	0.298074 0.720296,
	0.29725 0.727827,
	0.296073 0.731593,
	0.295367 0.733476,
	0.294897 0.734417,
	0.294779 0.734888,
	0.294543 0.735123,
	0.29372 0.737006,
	0.289601 0.744302,
	0.287248 0.74795,
	0.285835 0.749715,
	0.284188 0.751598,
	0.283482 0.752539,
	0.282541 0.753481,
	0.281246 0.755128,
	0.279599 0.756893,
	0.279363 0.757246,
	0.277598 0.758776,
	0.276892 0.7596,
	0.27548 0.760894,
	0.27395 0.762424,
	0.273126 0.763248,
	0.272185 0.763836,
	0.271832 0.764307,
	0.268184 0.766425,
	0.267949 0.76666,
	0.267713 0.76666,
	0.266772 0.767249,
	0.264889 0.767955,
	0.263948 0.768072,
	0.263006 0.768425,
	0.262065 0.768425,
	0.261123 0.768778,
	0.259241 0.769014,
	0.257358 0.769014,
	0.256887 0.768896,
	0.253121 0.769485,
	0.251239 0.76972,
	0.250297 0.769955,
	0.249356 0.769955,
	0.247473 0.770308,
	0.246532 0.770544,
	0.24559 0.770544,
	0.244649 0.770779,
	0.240883 0.770779,
	0.239 0.770661,
	0.238059 0.770544,
	0.237588 0.770544,
	0.235705 0.769955,
	0.23547 0.76972,
	0.235235 0.76972,
	0.234293 0.769132,
	0.233352 0.768778,
	0.231469 0.767719,
	0.230645 0.767131,
	0.230292 0.766896,
	0.229822 0.766425,
	0.227939 0.765131,
	0.227703 0.765131,
	0.22688 0.764542,
	0.224997 0.763836,
	0.223232 0.762895,
	0.222761 0.762424,
	0.22182 0.761836,
	0.221349 0.7616,
	0.220525 0.760777,
	0.219584 0.760188,
	0.217936 0.758423,
	0.217113 0.757482,
	0.216524 0.756658,
	0.214994 0.754893,
	0.212523 0.75148,
	0.211346 0.749715,
	0.211346 0.74948,
	0.210876 0.749009,
	0.210287 0.748067,
	0.210052 0.747597,
	0.209817 0.747361,
	0.209817 0.747126,
	0.209111 0.746185,
	0.208758 0.745714,
	0.20864 0.745243,
	0.207345 0.74336,
	0.206757 0.742419,
	0.206757 0.742184,
	0.20511 0.740419,
	0.203933 0.738536,
	0.20358 0.738065,
	0.203462 0.737594,
	0.202874 0.736653,
	0.202638 0.736418,
	0.202521 0.735947,
	0.202168 0.735476,
	0.202168 0.735241,
	0.20005 0.731475,
	0.198873 0.729592,
	0.197461 0.72771,
	0.196402 0.725827,
	0.195695 0.723944,
	0.194754 0.722061,
	0.194166 0.720178,
	0.193813 0.716413,
	0.193577 0.71453,
	0.193577 0.714059,
	0.193342 0.713588,
	0.193342 0.712647,
	0.192636 0.708881,
	0.192048 0.706998,
	0.191812 0.705116,
	0.191812 0.703233,
	0.191812 0.70288,
	"/>
</Transform>

<Transform dim="0"
 xcoef=" 0 1 0 0 0 0"
 ycoef=" 0 0 1 0 0 0">
<Contour name="Mystery_Object_2" hidden="false" closed="true" simplified="true" border="1 0 1" fill="1 0 1" mode="9"
 points="0.299459 0.447691,
	0.301899 0.430344,
	0.302441 0.428175,
	0.302983 0.427091,
	0.302983 0.418417,
	0.302983 0.414081,
	0.303796 0.409744,
	0.305151 0.405407,
	0.307049 0.40107,
	0.326836 0.366375,
	0.331715 0.357701,
	0.337678 0.349027,
	0.339575 0.346859,
	0.340931 0.34469,
	0.349605 0.336288,
	0.358278 0.328969,
	0.362615 0.325716,
	0.371289 0.320566,
	0.388636 0.311622,
	0.392973 0.308911,
	0.39731 0.306743,
	0.405984 0.304032,
	0.414658 0.301864,
	0.418995 0.300508,
	0.427668 0.300237,
	0.436342 0.298611,
	0.440679 0.297527,
	0.445016 0.2959,
	0.447184 0.295358,
	0.455858 0.290479,
	0.460195 0.28804,
	0.49489 0.264729,
	0.499227 0.261747,
	0.503564 0.258224,
	0.505732 0.256326,
	0.52308 0.247924,
	0.531754 0.245484,
	0.533922 0.244942,
	0.535006 0.244671,
	0.539343 0.245213,
	0.556691 0.240605,
	0.574038 0.23681,
	0.582712 0.234913,
	0.591386 0.233558,
	0.626081 0.230847,
	0.630418 0.230576,
	0.634755 0.22895,
	0.636923 0.229492,
	0.654271 0.225155,
	0.671618 0.218107,
	0.675955 0.21621,
	0.678124 0.215126,
	0.682461 0.214584,
	0.686797 0.213228,
	0.688966 0.212144,
	0.691134 0.211602,
	0.695471 0.211331,
	0.69764 0.21106,
	0.702519 0.209705,
	0.706856 0.209163,
	0.711192 0.209434,
	0.713361 0.209434,
	0.713632 0.209163,
	0.717969 0.209434,
	0.735316 0.208892,
	0.752664 0.208892,
	0.757001 0.208621,
	0.761338 0.208892,
	0.765675 0.208621,
	0.770011 0.208892,
	0.77218 0.209163,
	0.773264 0.209705,
	0.777601 0.209976,
	0.779769 0.209976,
	0.780854 0.210247,
	0.783022 0.209705,
	0.787359 0.210518,
	0.796033 0.211331,
	0.797117 0.211331,
	0.814736 0.218379,
	0.81582 0.217836,
	0.817988 0.218921,
	0.822325 0.219463,
	0.830999 0.222986,
	0.833167 0.224071,
	0.834252 0.223529,
	0.842925 0.227865,
	0.847262 0.230305,
	0.855936 0.234371,
	0.873284 0.244942,
	0.87762 0.247924,
	0.894968 0.261205,
	0.912316 0.277198,
	0.920176 0.285871,
	0.927495 0.294545,
	0.931289 0.298882,
	0.944029 0.31623,
	0.945655 0.318398,
	0.962732 0.353093,
	0.966798 0.361767,
	0.968695 0.366104,
	0.969237 0.367188,
	0.971677 0.384535,
	0.973574 0.401883,
	0.973845 0.40622,
	0.971135 0.440915,
	0.968695 0.458263,
	0.965713 0.47561,
	0.962732 0.484284,
	0.961106 0.488621,
	0.95704 0.497295,
	0.955142 0.501631,
	0.954058 0.5038,
	0.95189 0.512474,
	0.950534 0.516811,
	0.940505 0.534158,
	0.935897 0.542832,
	0.933729 0.547169,
	0.932374 0.549337,
	0.928308 0.553403,
	0.919634 0.560721,
	0.915297 0.564516,
	0.91096 0.567227,
	0.906623 0.570751,
	0.900118 0.579424,
	0.896865 0.583761,
	0.8928 0.587827,
	0.884126 0.594874,
	0.879789 0.598398,
	0.87762 0.600025,
	0.873284 0.602193,
	0.872199 0.602735,
	0.863526 0.610867,
	0.856749 0.619541,
	0.854852 0.621709,
	0.850244 0.630383,
	0.847533 0.63472,
	0.84672 0.635804,
	0.844823 0.644478,
	0.844552 0.648815,
	0.845094 0.666162,
	0.845094 0.674836,
	0.839944 0.709531,
	0.839402 0.713868,
	0.835065 0.722542,
	0.832896 0.726878,
	0.826662 0.735552,
	0.817988 0.743684,
	0.81582 0.74531,
	0.807417 0.753984,
	0.80552 0.756152,
	0.804435 0.757237,
	0.80308 0.759405,
	0.794677 0.767537,
	0.790341 0.770789,
	0.781667 0.776211,
	0.772993 0.780547,
	0.764319 0.784342,
	0.759982 0.787595,
	0.757814 0.789492,
	0.740466 0.800334,
	0.73613 0.802774,
	0.733961 0.803858,
	0.732877 0.8044,
	0.715529 0.807111,
	0.698182 0.807653,
	0.693845 0.808195,
	0.691676 0.808466,
	0.674329 0.807111,
	0.656981 0.798979,
	0.654813 0.797895,
	0.637465 0.785969,
	0.628792 0.780005,
	0.624726 0.776482,
	0.616865 0.767808,
	0.602499 0.75046,
	0.600602 0.748292,
	0.599518 0.747208,
	0.599247 0.746123,
	0.599247 0.745581,
	0.595723 0.741244,
	0.583796 0.723897,
	0.582441 0.721728,
	0.578104 0.717392,
	0.573767 0.71441,
	0.565094 0.709802,
	0.560757 0.708176,
	0.55642 0.707362,
	0.539072 0.706278,
	0.530398 0.707091,
	0.513051 0.710615,
	0.508714 0.711428,
	0.506546 0.711699,
	0.502209 0.713326,
	0.497872 0.713597,
	0.495703 0.713868,
	0.491366 0.715765,
	0.489198 0.716578,
	0.471851 0.718205,
	0.454503 0.718205,
	0.445829 0.717934,
	0.441492 0.717663,
	0.439324 0.718205,
	0.434987 0.717934,
	0.432819 0.717663,
	0.428482 0.718205,
	0.419808 0.717392,
	0.417639 0.71712,
	0.413303 0.717663,
	0.395955 0.713868,
	0.387281 0.710886,
	0.382944 0.709531,
	0.374271 0.705465,
	0.365597 0.700857,
	0.36126 0.698689,
	0.359091 0.697333,
	0.350418 0.689202,
	0.343641 0.680528,
	0.34066 0.671854,
	0.339575 0.667517,
	0.339033 0.666433,
	0.33822 0.657759,
	0.33822 0.655591,
	0.337678 0.653422,
	0.339033 0.636075,
	0.339033 0.633906,
	0.340931 0.625233,
	0.342015 0.620896,
	0.342015 0.618727,
	0.340118 0.61439,
	0.339847 0.613306,
	0.340118 0.612222,
	0.33822 0.603548,
	0.336323 0.599211,
	0.33551 0.597043,
	0.325481 0.579695,
	0.319517 0.571022,
	0.317349 0.566685,
	0.316265 0.564516,
	0.314638 0.562348,
	0.314096 0.561264,
	0.31247 0.55259,
	0.311115 0.548253,
	0.307862 0.530905,
	0.306236 0.522232,
	0.306236 0.520063,
	0.305422 0.515726,
	0.30488 0.507053,
	0.302441 0.498379,
	0.30217 0.489705,
	0.29973 0.45501,
	0.299459 0.450673,
	0.299459 0.448505,
	0.299459 0.447962,
	"/>
<Contour name="Mystery_Object_2" hidden="false" closed="true" simplified="true" border="1 0 1" fill="1 0 1" mode="9"
 points="0.705771 0.208349,
	0.705771 0.208892,
	"/>
</Transform>

</Section>