<?xml version="1.0"?>
<!DOCTYPE Section SYSTEM "section.dtd">

<Section index="15" thickness="0.05" alignLocked="true">
<Transform dim="0"
 xcoef=" 0 1 0 0 0 0"
 ycoef=" 0 0 1 0 0 0">
<Image mag="0.00254" contrast="1" brightness="0" red="true" green="true" blue="true"
 src="../images/mystery2_15.jpg" />
<Contour name="domain1" hidden="false" closed="true" simplified="false" border="1 0 1" fill="1 0 1" mode="11"
 points="0 0,
	511 0,
	511 399,
	0 399,
	"/>
</Transform>

<Transform dim="0"
 xcoef=" 0 1 0 0 0 0"
 ycoef=" 0 0 1 0 0 0">
<Contour name="Mystery_Object_2" hidden="false" closed="true" simplified="true" border="1 0 1" fill="1 0 1" mode="9"
 points="0.135517 0.47094,
	0.143004 0.45896,
	0.166963 0.44174,
	0.178942 0.438745,
	0.184932 0.437248,
	0.196911 0.437997,
	0.202901 0.438745,
	0.21488 0.443238,
	0.238839 0.449976,
	0.250819 0.452971,
	0.262798 0.454468,
	0.265793 0.455217,
	0.277772 0.449976,
	0.289752 0.44174,
	0.31371 0.423022,
	0.361628 0.390828,
	0.367618 0.387084,
	0.391576 0.381094,
	0.403556 0.3781,
	0.409545 0.376602,
	0.433504 0.364623,
	0.440991 0.352643,
	0.443986 0.346654,
	0.449227 0.322695,
	0.455966 0.274777,
	0.463453 0.250819,
	0.465699 0.244829,
	0.472437 0.232849,
	0.476181 0.22686,
	0.478427 0.223865,
	0.502386 0.209639,
	0.514365 0.202901,
	0.538324 0.193168,
	0.544314 0.190922,
	0.568272 0.189424,
	0.580252 0.188675,
	0.604211 0.190922,
	0.6102 0.19167,
	0.613195 0.19167,
	0.661113 0.214132,
	0.667102 0.21488,
	0.691061 0.205896,
	0.703041 0.204398,
	0.70903 0.204398,
	0.732989 0.198409,
	0.780907 0.193168,
	0.828824 0.196911,
	0.852783 0.199906,
	0.864762 0.201404,
	0.876742 0.205896,
	0.900701 0.217126,
	0.91268 0.222367,
	0.91867 0.226111,
	0.942628 0.248572,
	0.953859 0.259803,
	0.98231 0.307721,
	1.00028 0.355638,
	1.00852 0.379597,
	1.0145 0.403556,
	1.0175 0.415535,
	1.01525 0.439494,
	1.01376 0.451473,
	1.01376 0.457463,
	1.00777 0.481422,
	0.999531 0.505381,
	0.995038 0.51736,
	0.99429 0.520355,
	0.975572 0.544314,
	0.974074 0.547308,
	0.971828 0.559288,
	0.964341 0.583247,
	0.958351 0.595226,
	0.946372 0.604959,
	0.922413 0.628169,
	0.91867 0.640149,
	0.914926 0.664108,
	0.911183 0.676087,
	0.908936 0.682077,
	0.899203 0.694056,
	0.875993 0.71502,
	0.864762 0.726999,
	0.816845 0.766681,
	0.768927 0.791389,
	0.744968 0.803368,
	0.72101 0.816845,
	0.697051 0.826578,
	0.673092 0.834814,
	0.670097 0.836311,
	0.646138 0.839306,
	0.62218 0.838557,
	0.6102 0.83706,
	0.586241 0.831819,
	0.562283 0.83107,
	0.550303 0.833316,
	0.547308 0.834814,
	0.536078 0.846045,
	0.526345 0.858024,
	0.502386 0.876742,
	0.478427 0.892465,
	0.472437 0.896957,
	0.466448 0.899952,
	0.463453 0.900701,
	0.461955 0.901449,
	0.449976 0.896208,
	0.443986 0.892465,
	0.423771 0.869255,
	0.271034 0.677584,
	0.233598 0.629667,
	0.200655 0.581749,
	0.183434 0.55779,
	0.15124 0.509873,
	0.143004 0.497893,
	0.138512 0.491904,
	0.136266 0.488909,
	0.135517 0.47693,
	0.135517 0.471689,
	"/>
</Transform>

</Section>