<?xml version="1.0"?>
<!DOCTYPE Section SYSTEM "section.dtd">

<Section index="32" thickness="0.05" alignLocked="true">
<Transform dim="0"
 xcoef=" 0 1 0 0 0 0"
 ycoef=" 0 0 1 0 0 0">
<Image mag="0.00254" contrast="1" brightness="0" red="true" green="true" blue="true"
 src="../images/mystery2_32.jpg" />
<Contour name="domain1" hidden="false" closed="true" simplified="false" border="1 0 1" fill="1 0 1" mode="11"
 points="0 0,
	511 0,
	511 399,
	0 399,
	"/>
</Transform>

<Transform dim="0"
 xcoef=" 0 1 0 0 0 0"
 ycoef=" 0 0 1 0 0 0">
<Contour name="Mystery_Object_2" hidden="false" closed="true" simplified="true" border="1 0 1" fill="1 0 1" mode="9"
 points="0.380107 0.235092,
	0.383302 0.22487,
	0.395439 0.204428,
	0.408855 0.183985,
	0.415243 0.173763,
	0.418438 0.168653,
	0.438241 0.148849,
	0.448463 0.144377,
	0.453574 0.141822,
	0.474016 0.135433,
	0.484238 0.132239,
	0.50468 0.128406,
	0.514902 0.127128,
	0.535345 0.128406,
	0.57623 0.136711,
	0.586451 0.139266,
	0.606894 0.146932,
	0.617116 0.150765,
	0.637558 0.160987,
	0.64778 0.166736,
	0.65289 0.16993,
	0.673333 0.18654,
	0.708469 0.227426,
	0.725079 0.247868,
	0.732106 0.25809,
	0.737217 0.262562,
	0.739772 0.265117,
	0.749993 0.270866,
	0.770436 0.274061,
	0.852207 0.272144,
	0.933978 0.273422,
	0.974864 0.276616,
	0.995306 0.278532,
	1.03619 0.28556,
	1.07708 0.298336,
	1.0873 0.301531,
	1.10774 0.310474,
	1.11285 0.313668,
	1.11669 0.318779,
	1.11796 0.32389,
	1.11796 0.325168,
	1.11285 0.328362,
	1.09241 0.330278,
	1.08219 0.330917,
	1.07708 0.330917,
	1.05663 0.339222,
	1.04641 0.342416,
	1.0413 0.344333,
	1.03108 0.344971,
	0.990196 0.355193,
	0.94931 0.359665,
	0.908425 0.36222,
	0.867539 0.362859,
	0.785768 0.357748,
	0.765326 0.360942,
	0.755104 0.364775,
	0.749993 0.366692,
	0.739772 0.374997,
	0.731467 0.384579,
	0.725718 0.394801,
	0.721246 0.405022,
	0.718691 0.415243,
	0.716774 0.420354,
	0.712941 0.425465,
	0.692498 0.443991,
	0.682277 0.452296,
	0.641391 0.472739,
	0.620949 0.482321,
	0.610727 0.486793,
	0.590284 0.492543,
	0.569842 0.495737,
	0.55962 0.497014,
	0.55451 0.497653,
	0.534067 0.495737,
	0.513624 0.492543,
	0.493181 0.486793,
	0.472739 0.476572,
	0.462517 0.471461,
	0.457407 0.468906,
	0.436964 0.451657,
	0.431853 0.447824,
	0.415882 0.427381,
	0.41141 0.422271,
	0.40055 0.401828,
	0.396078 0.391606,
	0.390329 0.371164,
	0.389051 0.366053,
	0.387135 0.34561,
	0.387773 0.304725,
	0.387135 0.299614,
	0.385218 0.294503,
	0.380107 0.253618,
	0.380107 0.243397,
	0.380107 0.238286,
	0.380107 0.23573,
	"/>
</Transform>

</Section>