<?xml version="1.0"?>
<!DOCTYPE Section SYSTEM "section.dtd">

<Section index="10" thickness="0.05" alignLocked="true">
<Transform dim="0"
 xcoef=" 0 1 0 0 0 0"
 ycoef=" 0 0 1 0 0 0">
<Image mag="0.00254" contrast="1" brightness="0" red="true" green="true" blue="true"
 src="../images/mystery2_10.jpg" />
<Contour name="domain1" hidden="false" closed="true" simplified="false" border="1 0 1" fill="1 0 1" mode="11"
 points="0 0,
	511 0,
	511 399,
	0 399,
	"/>
</Transform>

<Transform dim="0"
 xcoef=" 0 1 0 0 0 0"
 ycoef=" 0 0 1 0 0 0">
<Contour name="domain2" hidden="false" closed="true" simplified="true" border="1 0 1" fill="1 0 1" mode="9"
 points="0.253079 0.416143,
	0.25355 0.412373,
	0.253786 0.410488,
	0.2552 0.406717,
	0.259441 0.399177,
	0.26439 0.391636,
	0.267453 0.388102,
	0.271224 0.385038,
	0.286305 0.377262,
	0.301386 0.371136,
	0.308926 0.368308,
	0.324007 0.366894,
	0.331548 0.36713,
	0.335318 0.367365,
	0.337203 0.367601,
	0.338146 0.367601,
	0.345686 0.370429,
	0.360767 0.374906,
	0.364538 0.376084,
	0.366423 0.376791,
	0.370193 0.377027,
	0.373963 0.376791,
	0.375848 0.376791,
	0.383153 0.372314,
	0.391636 0.357233,
	0.393522 0.353462,
	0.3947 0.351577,
	0.401769 0.344037,
	0.405304 0.340267,
	0.406953 0.338381,
	0.425569 0.308219,
	0.426747 0.30657,
	0.430282 0.304449,
	0.441592 0.289368,
	0.444184 0.285598,
	0.447719 0.282063,
	0.451489 0.279,
	0.452432 0.278057,
	0.467513 0.268631,
	0.475054 0.263919,
	0.478824 0.261562,
	0.479766 0.261091,
	0.494847 0.246246,
	0.498618 0.242947,
	0.500503 0.241297,
	0.515584 0.232578,
	0.523124 0.228337,
	0.526895 0.226216,
	0.52878 0.225273,
	0.543861 0.220796,
	0.558942 0.217497,
	0.566482 0.215848,
	0.574023 0.21467,
	0.575908 0.214434,
	0.583449 0.211606,
	0.59853 0.205244,
	0.6023 0.20383,
	0.604185 0.202887,
	0.619266 0.19841,
	0.634347 0.195583,
	0.641888 0.194169,
	0.645658 0.193462,
	0.660739 0.192519,
	0.67582 0.193933,
	0.683361 0.19464,
	0.687131 0.195111,
	0.689016 0.195583,
	0.704097 0.201945,
	0.711638 0.205008,
	0.715408 0.206422,
	0.722949 0.205951,
	0.726719 0.205715,
	0.730489 0.205008,
	0.734259 0.203594,
	0.736144 0.202887,
	0.743685 0.201945,
	0.747455 0.201474,
	0.74934 0.201238,
	0.809665 0.216319,
	0.824746 0.220089,
	0.832286 0.223624,
	0.847367 0.231636,
	0.854908 0.235642,
	0.862448 0.238941,
	0.866219 0.24059,
	0.896381 0.258263,
	0.911462 0.265804,
	0.919002 0.269574,
	0.932905 0.284419,
	0.938796 0.29196,
	0.941624 0.29573,
	0.943038 0.297615,
	0.958826 0.327778,
	0.965895 0.342859,
	0.96943 0.350399,
	0.977677 0.36548,
	0.989224 0.395642,
	0.991344 0.403183,
	0.992523 0.406953,
	0.992994 0.407896,
	0.993936 0.438058,
	0.992523 0.46822,
	0.991816 0.483301,
	0.991344 0.490842,
	0.984982 0.521004,
	0.983097 0.536085,
	0.982154 0.543625,
	0.981683 0.547396,
	0.981683 0.551166,
	0.981683 0.553051,
	0.97155 0.583213,
	0.970137 0.586983,
	0.966131 0.594524,
	0.961654 0.602064,
	0.9494 0.617145,
	0.935733 0.632227,
	0.928899 0.639767,
	0.925365 0.643537,
	0.914054 0.658618,
	0.900387 0.673699,
	0.893553 0.68124,
	0.833464 0.739915,
	0.818383 0.75476,
	0.814849 0.75853,
	0.799768 0.770313,
	0.792227 0.776204,
	0.784687 0.781623,
	0.780916 0.78398,
	0.773376 0.790342,
	0.758295 0.799061,
	0.750754 0.803302,
	0.746984 0.805423,
	0.745099 0.806366,
	0.737558 0.808722,
	0.733788 0.8099,
	0.731903 0.810607,
	0.716822 0.81155,
	0.709281 0.812021,
	0.705511 0.812257,
	0.703626 0.812257,
	0.688545 0.815556,
	0.681004 0.817441,
	0.673464 0.818619,
	0.665923 0.818855,
	0.662153 0.81909,
	0.658383 0.820269,
	0.654612 0.820975,
	0.652727 0.820975,
	0.651785 0.820975,
	0.636704 0.828516,
	0.632933 0.830401,
	0.617852 0.840534,
	0.610312 0.844304,
	0.595231 0.844775,
	0.58769 0.845011,
	0.58392 0.845247,
	0.576379 0.844304,
	0.575908 0.844304,
	0.568603 0.83747,
	0.563184 0.82993,
	0.560591 0.82616,
	0.510164 0.765835,
	0.504037 0.758295,
	0.482123 0.728133,
	0.470576 0.713052,
	0.45738 0.697971,
	0.450782 0.69043,
	0.447483 0.68666,
	0.43688 0.671579,
	0.412609 0.641417,
	0.400119 0.626335,
	0.39847 0.62445,
	0.397527 0.623508,
	0.392815 0.615967,
	0.390694 0.612197,
	0.379619 0.597116,
	0.287718 0.476467,
	0.264626 0.446305,
	0.259206 0.438765,
	0.256378 0.434994,
	0.255436 0.434052,
	0.254729 0.432167,
	0.253079 0.417086,
	0.253079 0.416379,
	"/>
</Transform>

</Section>