<?xml version="1.0"?>
<!DOCTYPE Section SYSTEM "section.dtd">

<Section index="31" thickness="0.05" alignLocked="true">
<Transform dim="0"
 xcoef=" 0 1 0 0 0 0"
 ycoef=" 0 0 1 0 0 0">
<Image mag="0.00254" contrast="1" brightness="0" red="true" green="true" blue="true"
 src="../images/mystery2_31.jpg" />
<Contour name="domain1" hidden="false" closed="true" simplified="false" border="1 0 1" fill="1 0 1" mode="11"
 points="0 0,
	511 0,
	511 399,
	0 399,
	"/>
</Transform>

<Transform dim="0"
 xcoef=" 0 1 0 0 0 0"
 ycoef=" 0 0 1 0 0 0">
<Contour name="Mystery_Object_2" hidden="false" closed="true" simplified="true" border="1 0 1" fill="1 0 1" mode="9"
 points="0.343055 0.239564,
	0.348166 0.219121,
	0.348166 0.217843,
	0.363498 0.1974,
	0.373719 0.187179,
	0.378191 0.182068,
	0.392884 0.161626,
	0.401189 0.151404,
	0.411411 0.14246,
	0.416521 0.137989,
	0.436964 0.127128,
	0.457407 0.121379,
	0.467628 0.119462,
	0.472739 0.118185,
	0.493182 0.117546,
	0.513624 0.118824,
	0.55451 0.125212,
	0.574953 0.129684,
	0.585174 0.1316,
	0.62606 0.143738,
	0.636281 0.146294,
	0.656724 0.155876,
	0.661834 0.158431,
	0.682277 0.175041,
	0.701442 0.195484,
	0.717413 0.215927,
	0.740411 0.256812,
	0.743605 0.261923,
	0.748716 0.265117,
	0.758937 0.268311,
	0.799823 0.272783,
	0.881594 0.275977,
	0.891815 0.276616,
	0.932701 0.286199,
	0.973586 0.298975,
	1.01447 0.308558,
	1.05536 0.316224,
	1.09624 0.325168,
	1.11669 0.332195,
	1.12691 0.335389,
	1.14735 0.347527,
	1.14991 0.348805,
	1.15949 0.359026,
	1.16779 0.369247,
	1.16971 0.371803,
	1.16971 0.376913,
	1.16971 0.379469,
	1.16524 0.383302,
	1.16268 0.384579,
	1.1218 0.37883,
	1.10135 0.375636,
	1.09113 0.374358,
	1.08602 0.37308,
	1.00425 0.376913,
	0.963365 0.37883,
	0.92248 0.379469,
	0.902037 0.379469,
	0.861151 0.376275,
	0.820266 0.371803,
	0.799823 0.369886,
	0.77938 0.370525,
	0.769159 0.371164,
	0.758937 0.37308,
	0.753827 0.374358,
	0.748716 0.376913,
	0.738495 0.383941,
	0.735939 0.385218,
	0.731468 0.390329,
	0.720607 0.410772,
	0.715497 0.420993,
	0.712302 0.426104,
	0.692498 0.445908,
	0.682277 0.456129,
	0.672056 0.465073,
	0.651613 0.479127,
	0.63117 0.491265,
	0.620949 0.497015,
	0.610727 0.501486,
	0.590285 0.507236,
	0.569842 0.51043,
	0.559621 0.511069,
	0.55451 0.511708,
	0.534067 0.509152,
	0.523846 0.508514,
	0.503403 0.503403,
	0.493182 0.500848,
	0.48296 0.496376,
	0.462517 0.485516,
	0.457407 0.48296,
	0.436964 0.465712,
	0.428659 0.456129,
	0.414605 0.435686,
	0.402467 0.415244,
	0.39544 0.394801,
	0.38969 0.374358,
	0.385218 0.353915,
	0.379469 0.333473,
	0.372442 0.31303,
	0.364775 0.302808,
	0.353915 0.282366,
	0.346249 0.261923,
	0.344972 0.259368,
	0.343694 0.249146,
	0.343694 0.244035,
	0.343055 0.24148,
	0.343055 0.240202,
	"/>
</Transform>

</Section>