<?xml version="1.0"?>
<!DOCTYPE Section SYSTEM "section.dtd">

<Section index="34" thickness="0.05" alignLocked="true">
<Transform dim="0"
 xcoef=" 0 1 0 0 0 0"
 ycoef=" 0 0 1 0 0 0">
<Image mag="0.00254" contrast="1" brightness="0" red="true" green="true" blue="true"
 src="../images/mystery2_34.jpg" />
<Contour name="domain1" hidden="false" closed="true" simplified="false" border="1 0 1" fill="1 0 1" mode="11"
 points="0 0,
	511 0,
	511 399,
	0 399,
	"/>
</Transform>

<Transform dim="0"
 xcoef=" 0 1 0 0 0 0"
 ycoef=" 0 0 1 0 0 0">
<Contour name="Mystery_Object_2" comment="dusten_traced_2018.05.25" hidden="false" closed="true" simplified="true" border="1 0 1" fill="1 0 1" mode="9"
 points="0.468534 0.339541,
	0.472265 0.322484,
	0.477063 0.305427,
	0.480794 0.296898,
	0.483459 0.28837,
	0.484525 0.284105,
	0.485058 0.275577,
	0.482393 0.241463,
	0.481327 0.232935,
	0.479195 0.224406,
	0.480261 0.207349,
	0.480261 0.205217,
	0.48186 0.203618,
	0.48186 0.202552,
	0.483459 0.20042,
	0.483459 0.199354,
	0.48719 0.195089,
	0.495719 0.189226,
	0.499983 0.187094,
	0.504247 0.183896,
	0.521304 0.177499,
	0.529833 0.1759,
	0.538361 0.175367,
	0.555418 0.176433,
	0.563947 0.177499,
	0.572475 0.181231,
	0.576739 0.18283,
	0.578872 0.183896,
	0.583136 0.184429,
	0.600193 0.191358,
	0.608721 0.194556,
	0.609787 0.195622,
	0.610853 0.195622,
	0.612986 0.197221,
	0.61725 0.198821,
	0.625778 0.204684,
	0.630043 0.207349,
	0.632175 0.208415,
	0.649232 0.223873,
	0.673751 0.257987,
	0.684412 0.275044,
	0.689742 0.283572,
	0.691874 0.287837,
	0.693473 0.289969,
	0.694006 0.292101,
	0.697204 0.296365,
	0.697204 0.297431,
	0.699337 0.299563,
	0.708931 0.31662,
	0.720658 0.333677,
	0.726521 0.342206,
	0.735583 0.359263,
	0.740913 0.367791,
	0.754772 0.384848,
	0.761701 0.393377,
	0.772895 0.410434,
	0.778758 0.418962,
	0.781956 0.423227,
	0.782489 0.425359,
	0.785155 0.429623,
	0.786754 0.433887,
	0.786754 0.436019,
	0.78782 0.437085,
	0.789419 0.445614,
	0.790485 0.462671,
	0.790485 0.471199,
	0.791551 0.479728,
	0.789419 0.488256,
	0.788886 0.492521,
	0.787287 0.496785,
	0.784622 0.501049,
	0.776093 0.506379,
	0.771829 0.506912,
	0.7633 0.505313,
	0.754772 0.502648,
	0.737715 0.495186,
	0.729186 0.490921,
	0.720658 0.484525,
	0.712129 0.477063,
	0.703601 0.471199,
	0.699337 0.468001,
	0.691874 0.459473,
	0.686011 0.450944,
	0.683346 0.44668,
	0.674817 0.439217,
	0.666289 0.435486,
	0.65776 0.43442,
	0.649232 0.43442,
	0.644967 0.43442,
	0.640703 0.433354,
	0.623646 0.433354,
	0.615118 0.433354,
	0.606589 0.43442,
	0.572475 0.433887,
	0.555418 0.433887,
	0.538361 0.432821,
	0.529833 0.430156,
	0.513309 0.420028,
	0.496252 0.408835,
	0.491988 0.405637,
	0.488256 0.401372,
	0.485591 0.397108,
	0.48186 0.392844,
	0.47653 0.384315,
	0.474398 0.380051,
	0.472798 0.377919,
	0.472265 0.373655,
	0.4696 0.365126,
	0.468534 0.362994,
	0.468534 0.345937,
	0.468534 0.341673,
	0.468534 0.340074,
	"/>
</Transform>

</Section>