<?xml version="1.0"?>
<!DOCTYPE Section SYSTEM "section.dtd">

<Section index="16" thickness="0.05" alignLocked="true">
<Transform dim="0"
 xcoef=" 0 1 0 0 0 0"
 ycoef=" 0 0 1 0 0 0">
<Image mag="0.00254" contrast="1" brightness="0" red="true" green="true" blue="true"
 src="../images/mystery2_16.jpg" />
<Contour name="domain1" hidden="false" closed="true" simplified="false" border="1 0 1" fill="1 0 1" mode="11"
 points="0 0,
	511 0,
	511 399,
	0 399,
	"/>
</Transform>

<Transform dim="0"
 xcoef=" 0 1 0 0 0 0"
 ycoef=" 0 0 1 0 0 0">
<Contour name="Mystery_Object_2" comment="dusten_traced_2018.05.24" hidden="false" closed="true" simplified="true" border="1 0 1" fill="1 0 1" mode="9"
 points="0.126976 0.503765,
	0.130197 0.496404,
	0.134797 0.489043,
	0.137098 0.485363,
	0.137558 0.483522,
	0.149519 0.4688,
	0.1532 0.46558,
	0.15688 0.46328,
	0.15872 0.46236,
	0.166081 0.456379,
	0.167922 0.454999,
	0.175283 0.452698,
	0.178963 0.450858,
	0.186324 0.449938,
	0.193685 0.450858,
	0.201046 0.450858,
	0.208407 0.451778,
	0.212087 0.453158,
	0.213928 0.453158,
	0.221289 0.457299,
	0.228649 0.460519,
	0.23233 0.46328,
	0.23601 0.46512,
	0.239691 0.46834,
	0.247052 0.472941,
	0.248892 0.473861,
	0.249812 0.474781,
	0.251652 0.474781,
	0.253493 0.476161,
	0.260854 0.478462,
	0.264534 0.478002,
	0.266374 0.477542,
	0.273735 0.471561,
	0.277416 0.4688,
	0.284777 0.46144,
	0.291218 0.454079,
	0.296278 0.446718,
	0.299039 0.443037,
	0.300419 0.439357,
	0.305019 0.431996,
	0.30778 0.428315,
	0.30962 0.424635,
	0.31238 0.420954,
	0.319741 0.413593,
	0.325722 0.406232,
	0.328482 0.402552,
	0.335843 0.395191,
	0.339524 0.39151,
	0.354246 0.380009,
	0.368968 0.369428,
	0.383689 0.359766,
	0.39105 0.355166,
	0.398411 0.351945,
	0.405772 0.350105,
	0.409453 0.350105,
	0.416814 0.347805,
	0.420494 0.346425,
	0.427855 0.345045,
	0.435216 0.342744,
	0.449938 0.334003,
	0.453619 0.330783,
	0.456839 0.323422,
	0.458219 0.3087,
	0.459139 0.301339,
	0.4642 0.286617,
	0.476161 0.257173,
	0.485823 0.242451,
	0.491803 0.23509,
	0.499164 0.22911,
	0.513886 0.219908,
	0.517567 0.217148,
	0.524928 0.214388,
	0.53965 0.211167,
	0.554372 0.209787,
	0.569093 0.209327,
	0.576454 0.209787,
	0.591176 0.213007,
	0.62062 0.217608,
	0.635342 0.216688,
	0.642703 0.216228,
	0.657425 0.213468,
	0.672147 0.209327,
	0.675827 0.207947,
	0.679508 0.205186,
	0.686869 0.201966,
	0.70159 0.198286,
	0.731034 0.193225,
	0.745756 0.191845,
	0.753117 0.191385,
	0.767839 0.188624,
	0.77152 0.188164,
	0.786241 0.189544,
	0.800963 0.191845,
	0.804644 0.191385,
	0.819366 0.193225,
	0.826727 0.193685,
	0.830407 0.193225,
	0.845129 0.195065,
	0.85249 0.195985,
	0.859851 0.198286,
	0.863531 0.199206,
	0.865372 0.199666,
	0.867212 0.201046,
	0.869052 0.201506,
	0.872733 0.203806,
	0.887454 0.209787,
	0.902176 0.218068,
	0.916898 0.228649,
	0.93162 0.241531,
	0.938061 0.248892,
	0.941281 0.252573,
	0.942202 0.254413,
	0.955083 0.269135,
	0.960604 0.276496,
	0.963824 0.280176,
	0.965665 0.283857,
	0.971185 0.291218,
	0.985907 0.320661,
	0.999709 0.350105,
	1.00293 0.357466,
	1.00431 0.361147,
	1.00523 0.368508,
	1.00983 0.383229,
	1.01213 0.397951,
	1.01259 0.405312,
	1.01167 0.420034,
	1.01213 0.434756,
	1.01167 0.449478,
	1.00845 0.4642,
	1.00615 0.471561,
	1.00523 0.473401,
	1.00477 0.477082,
	1.00523 0.478922,
	1.00017 0.493644,
	0.997869 0.501005,
	0.989588 0.515727,
	0.985907 0.523087,
	0.944502 0.581975,
	0.942662 0.585656,
	0.93208 0.600377,
	0.917358 0.614639,
	0.915518 0.61648,
	0.911378 0.62384,
	0.909537 0.627521,
	0.909077 0.631201,
	0.909997 0.645923,
	0.908617 0.660645,
	0.904477 0.675367,
	0.896656 0.690089,
	0.891595 0.69745,
	0.890675 0.69883,
	0.890215 0.69837,
	0.876873 0.713092,
	0.847429 0.740235,
	0.832707 0.754957,
	0.825346 0.760478,
	0.821666 0.762778,
	0.817986 0.765999,
	0.803264 0.77474,
	0.77382 0.790382,
	0.759098 0.798663,
	0.729654 0.813385,
	0.714932 0.821206,
	0.707571 0.825346,
	0.692849 0.831327,
	0.678127 0.833628,
	0.663406 0.835008,
	0.659725 0.835468,
	0.657885 0.835008,
	0.654204 0.835468,
	0.639482 0.833628,
	0.632122 0.833167,
	0.6174 0.828567,
	0.602678 0.825346,
	0.595317 0.823966,
	0.580595 0.818906,
	0.565873 0.812005,
	0.558512 0.808324,
	0.54379 0.796823,
	0.54011 0.793602,
	0.532749 0.788542,
	0.526768 0.781181,
	0.518947 0.766459,
	0.507445 0.751737,
	0.500084 0.744836,
	0.492724 0.739315,
	0.489043 0.737475,
	0.487203 0.736555,
	0.483522 0.737015,
	0.479842 0.738395,
	0.478462 0.740235,
	0.477542 0.743916,
	0.478462 0.751277,
	0.492724 0.780721,
	0.500084 0.795443,
	0.504225 0.802804,
	0.507445 0.810164,
	0.508366 0.817525,
	0.508826 0.819366,
	0.505605 0.834088,
	0.503305 0.841449,
	0.495944 0.85617,
	0.489963 0.863531,
	0.482602 0.870432,
	0.46788 0.878713,
	0.453158 0.884694,
	0.438437 0.889295,
	0.431076 0.889755,
	0.423715 0.888835,
	0.416354 0.886994,
	0.412673 0.885154,
	0.398411 0.870432,
	0.391971 0.863071,
	0.38645 0.85571,
	0.372188 0.840988,
	0.360687 0.826267,
	0.354706 0.818906,
	0.349645 0.811545,
	0.342284 0.804644,
	0.334923 0.798663,
	0.328022 0.791302,
	0.320661 0.784861,
	0.296278 0.755417,
	0.286157 0.740696,
	0.279716 0.733335,
	0.268215 0.718613,
	0.263154 0.711252,
	0.259473 0.707571,
	0.249812 0.692849,
	0.247052 0.689169,
	0.242911 0.681808,
	0.23187 0.667086,
	0.226349 0.659725,
	0.223589 0.656045,
	0.216228 0.650064,
	0.210247 0.642703,
	0.208867 0.639022,
	0.205186 0.635802,
	0.194605 0.62108,
	0.191845 0.6174,
	0.190005 0.615559,
	0.180343 0.600837,
	0.172062 0.586116,
	0.162401 0.571394,
	0.15826 0.564033,
	0.15642 0.560352,
	0.150439 0.552991,
	0.143539 0.54609,
	0.138478 0.538729,
	0.131577 0.524008,
	0.128817 0.516647,
	0.127436 0.512966,
	0.126976 0.505605,
	0.126976 0.504225,
	"/>
</Transform>

</Section>