<?xml version="1.0"?>
<!DOCTYPE Section SYSTEM "section.dtd">

<Section index="37" thickness="0.05" alignLocked="true">
<Transform dim="0"
 xcoef=" 0 1 0 0 0 0"
 ycoef=" 0 0 1 0 0 0">
<Image mag="0.00254" contrast="1" brightness="0" red="true" green="true" blue="true"
 src="../images/mystery2_37.jpg" />
<Contour name="domain1" hidden="false" closed="true" simplified="false" border="1 0 1" fill="1 0 1" mode="11"
 points="0 0,
	511 0,
	511 399,
	0 399,
	"/>
</Transform>

<Transform dim="0"
 xcoef=" 0 1 0 0 0 0"
 ycoef=" 0 0 1 0 0 0">
<Contour name="Mystery_Object_2" comment="dusten_traced_2018.05.25" hidden="false" closed="true" simplified="true" border="1 0 1" fill="1 0 1" mode="9"
 points="0.736034 0.437762,
	0.737147 0.431826,
	0.737518 0.428858,
	0.739744 0.422923,
	0.740486 0.419955,
	0.742341 0.416987,
	0.742712 0.415503,
	0.744937 0.412535,
	0.750873 0.408454,
	0.753841 0.40697,
	0.759777 0.405857,
	0.771648 0.405486,
	0.777584 0.405857,
	0.780552 0.405857,
	0.782036 0.406599,
	0.787972 0.40697,
	0.789456 0.407341,
	0.790198 0.408083,
	0.793165 0.408825,
	0.793536 0.409567,
	0.799101 0.412164,
	0.802069 0.413648,
	0.805037 0.416245,
	0.810602 0.420326,
	0.811344 0.420326,
	0.814312 0.422552,
	0.819876 0.425891,
	0.822844 0.427374,
	0.82507 0.429229,
	0.836942 0.438133,
	0.83991 0.440359,
	0.841023 0.441843,
	0.842506 0.442585,
	0.843619 0.444069,
	0.845103 0.444811,
	0.849926 0.450005,
	0.852523 0.45223,
	0.853265 0.453343,
	0.858088 0.458908,
	0.860314 0.461876,
	0.864395 0.466699,
	0.868846 0.472635,
	0.875895 0.484135,
	0.877379 0.487103,
	0.878121 0.487845,
	0.879234 0.490442,
	0.881089 0.49341,
	0.881089 0.494152,
	0.88517 0.500087,
	0.888509 0.505281,
	0.890363 0.508249,
	0.891476 0.509733,
	0.891847 0.511217,
	0.892589 0.511588,
	0.892589 0.51233,
	0.896299 0.518266,
	0.897041 0.51975,
	0.897041 0.520492,
	0.898154 0.521976,
	0.898154 0.522718,
	0.899267 0.524201,
	0.899638 0.525685,
	0.90038 0.526427,
	0.901493 0.529395,
	0.902235 0.530879,
	0.902235 0.531621,
	0.902977 0.532363,
	0.904832 0.538299,
	0.905574 0.539041,
	0.907429 0.544977,
	0.907429 0.546461,
	0.908542 0.549428,
	0.908542 0.550912,
	0.909655 0.55388,
	0.910768 0.559816,
	0.911881 0.583559,
	0.912623 0.595431,
	0.913365 0.598398,
	0.913365 0.61027,
	0.913365 0.616206,
	0.91151 0.628077,
	0.910397 0.631045,
	0.910397 0.631787,
	0.909655 0.632529,
	0.908913 0.635497,
	0.905945 0.641433,
	0.903719 0.64403,
	0.902606 0.645143,
	0.901122 0.645514,
	0.90038 0.646255,
	0.897412 0.647368,
	0.885541 0.648481,
	0.879605 0.648481,
	0.876637 0.648481,
	0.875153 0.648481,
	0.873669 0.647739,
	0.867733 0.646626,
	0.864766 0.645514,
	0.863282 0.644772,
	0.86254 0.644772,
	0.861056 0.643659,
	0.858088 0.642546,
	0.856604 0.642175,
	0.855862 0.641433,
	0.854378 0.641062,
	0.852894 0.639949,
	0.85141 0.639578,
	0.848442 0.637723,
	0.846958 0.637352,
	0.84399 0.635497,
	0.843248 0.635497,
	0.842877 0.634755,
	0.841393 0.634384,
	0.835458 0.629561,
	0.833232 0.626964,
	0.830264 0.623996,
	0.823215 0.612125,
	0.818021 0.600253,
	0.813941 0.588382,
	0.812086 0.582446,
	0.811344 0.579478,
	0.810602 0.577994,
	0.810231 0.575026,
	0.809118 0.572059,
	0.809118 0.570575,
	0.805408 0.558703,
	0.803924 0.552767,
	0.802811 0.549799,
	0.80244 0.546832,
	0.80244 0.54609,
	0.801698 0.545348,
	0.799843 0.539412,
	0.799843 0.53867,
	0.799101 0.537928,
	0.794278 0.526056,
	0.79094 0.520121,
	0.789456 0.517524,
	0.780552 0.505652,
	0.779068 0.504168,
	0.777213 0.501942,
	0.775358 0.498975,
	0.773874 0.497862,
	0.773874 0.49712,
	0.7646 0.486732,
	0.760148 0.481538,
	0.758293 0.47857,
	0.756067 0.476344,
	0.74605 0.465215,
	0.739002 0.453343,
	0.737889 0.450376,
	0.737889 0.449634,
	0.737147 0.448892,
	0.736034 0.442956,
	0.736034 0.439988,
	0.736034 0.438504,
	0.736034 0.438133,
	"/>
</Transform>

</Section>