<?xml version="1.0"?>
<!DOCTYPE Section SYSTEM "section.dtd">

<Section index="33" thickness="0.05" alignLocked="true">
<Transform dim="0"
 xcoef=" 0 1 0 0 0 0"
 ycoef=" 0 0 1 0 0 0">
<Image mag="0.00254" contrast="1" brightness="0" red="true" green="true" blue="true"
 src="../images/mystery2_33.jpg" />
<Contour name="domain1" hidden="false" closed="true" simplified="false" border="1 0 1" fill="1 0 1" mode="11"
 points="0 0,
	511 0,
	511 399,
	0 399,
	"/>
</Transform>

<Transform dim="0"
 xcoef=" 0 1 0 0 0 0"
 ycoef=" 0 0 1 0 0 0">
<Contour name="Mystery_Object_2" comment="dusten_traced_2018.05.25" hidden="false" closed="true" simplified="true" border="1 0 1" fill="1 0 1" mode="9"
 points="0.407236 0.33421,
	0.409368 0.317153,
	0.409901 0.312889,
	0.412566 0.304361,
	0.413632 0.300096,
	0.413632 0.29903,
	0.414698 0.298497,
	0.417363 0.289969,
	0.421627 0.28144,
	0.421627 0.280374,
	0.422694 0.279308,
	0.426958 0.262251,
	0.428557 0.257987,
	0.42909 0.255855,
	0.430156 0.254789,
	0.432821 0.24626,
	0.433887 0.245194,
	0.43442 0.24093,
	0.435486 0.239864,
	0.436552 0.231335,
	0.437085 0.214278,
	0.438151 0.20575,
	0.439217 0.203618,
	0.439217 0.201486,
	0.440284 0.199354,
	0.440284 0.198288,
	0.44135 0.197221,
	0.441883 0.195089,
	0.441883 0.194023,
	0.442949 0.192957,
	0.444015 0.188693,
	0.445081 0.187627,
	0.445614 0.185495,
	0.449345 0.181231,
	0.454675 0.174301,
	0.457341 0.17057,
	0.465869 0.16524,
	0.470133 0.162574,
	0.471199 0.162574,
	0.472265 0.161508,
	0.489322 0.155112,
	0.497851 0.15298,
	0.502115 0.15298,
	0.504247 0.15298,
	0.506379 0.151914,
	0.523436 0.149249,
	0.527701 0.149249,
	0.529833 0.149249,
	0.531965 0.148183,
	0.549022 0.148716,
	0.553286 0.148716,
	0.55755 0.149782,
	0.561815 0.149782,
	0.570343 0.151381,
	0.574607 0.152447,
	0.576739 0.152447,
	0.577806 0.153513,
	0.594863 0.15831,
	0.595929 0.15831,
	0.596995 0.159376,
	0.605523 0.162041,
	0.614052 0.165773,
	0.616184 0.167372,
	0.61725 0.167372,
	0.633241 0.179631,
	0.641769 0.184429,
	0.642302 0.185495,
	0.643368 0.185495,
	0.651897 0.191358,
	0.656161 0.194023,
	0.664157 0.202019,
	0.665223 0.204151,
	0.680681 0.219076,
	0.68761 0.226005,
	0.694539 0.234534,
	0.696671 0.238265,
	0.702535 0.24626,
	0.702535 0.247326,
	0.704134 0.248925,
	0.704667 0.251058,
	0.707332 0.254256,
	0.712129 0.262784,
	0.715328 0.267048,
	0.715328 0.268115,
	0.718526 0.271846,
	0.719059 0.273978,
	0.722257 0.278242,
	0.726521 0.285705,
	0.728653 0.289436,
	0.731851 0.2937,
	0.736649 0.302229,
	0.737715 0.302762,
	0.738248 0.304894,
	0.739847 0.307026,
	0.739847 0.308092,
	0.742512 0.312356,
	0.744111 0.31662,
	0.744644 0.325149,
	0.744644 0.329413,
	0.743045 0.333677,
	0.742512 0.335809,
	0.742512 0.336876,
	0.741446 0.337942,
	0.739314 0.34647,
	0.739314 0.354999,
	0.741979 0.372056,
	0.743045 0.374188,
	0.744644 0.382716,
	0.74571 0.38698,
	0.74571 0.391245,
	0.746776 0.395509,
	0.747842 0.412566,
	0.747842 0.429623,
	0.748375 0.438151,
	0.747842 0.44668,
	0.746776 0.450944,
	0.743045 0.454675,
	0.740913 0.456274,
	0.736649 0.457874,
	0.72812 0.458407,
	0.719592 0.457874,
	0.715328 0.457874,
	0.706799 0.455208,
	0.702535 0.453609,
	0.698271 0.453076,
	0.697204 0.45201,
	0.680147 0.449878,
	0.66309 0.449878,
	0.654562 0.450411,
	0.650298 0.45201,
	0.648166 0.452543,
	0.643901 0.455208,
	0.639637 0.456274,
	0.638571 0.457341,
	0.634307 0.45894,
	0.632175 0.460006,
	0.631109 0.460006,
	0.628977 0.461605,
	0.620448 0.464803,
	0.616184 0.465869,
	0.614052 0.465869,
	0.61192 0.466935,
	0.607655 0.467468,
	0.605523 0.468534,
	0.601259 0.468534,
	0.59273 0.470133,
	0.584202 0.470666,
	0.575673 0.472265,
	0.567145 0.474931,
	0.565013 0.474931,
	0.562881 0.475997,
	0.545824 0.479195,
	0.537295 0.479195,
	0.533031 0.479195,
	0.530899 0.479195,
	0.528767 0.478129,
	0.524502 0.477596,
	0.52237 0.477596,
	0.521304 0.47653,
	0.512776 0.474398,
	0.510644 0.472798,
	0.506379 0.471732,
	0.502115 0.4696,
	0.497851 0.468534,
	0.489322 0.462671,
	0.474398 0.448812,
	0.470666 0.445614,
	0.466402 0.44135,
	0.462138 0.438684,
	0.45894 0.434953,
	0.457874 0.434953,
	0.443482 0.422694,
	0.438684 0.415231,
	0.432288 0.407236,
	0.432288 0.40617,
	0.428557 0.401905,
	0.423227 0.393377,
	0.415764 0.37632,
	0.414165 0.367791,
	0.407769 0.350734,
	0.407236 0.342206,
	0.407236 0.337942,
	0.407236 0.335809,
	0.407236 0.334743,
	"/>
</Transform>

</Section>