<?xml version="1.0"?>
<!DOCTYPE Section SYSTEM "section.dtd">

<Section index="38" thickness="0.05" alignLocked="true">
<Transform dim="0"
 xcoef=" 0 1 0 0 0 0"
 ycoef=" 0 0 1 0 0 0">
<Image mag="0.00254" contrast="1" brightness="0" red="true" green="true" blue="true"
 src="../images/mystery2_38.jpg" />
<Contour name="domain1" hidden="false" closed="true" simplified="false" border="1 0 1" fill="1 0 1" mode="11"
 points="0 0,
	511 0,
	511 399,
	0 399,
	"/>
</Transform>

<Transform dim="0"
 xcoef=" 0 1 0 0 0 0"
 ycoef=" 0 0 1 0 0 0">
<Contour name="Mystery_Object_2" comment="dusten_traced_2018.05.25" hidden="false" closed="true" simplified="true" border="1 0 1" fill="1 0 1" mode="9"
 points="0.771648 0.477086,
	0.773874 0.465215,
	0.774987 0.459279,
	0.776471 0.456311,
	0.776842 0.454827,
	0.780923 0.448892,
	0.783149 0.446295,
	0.784262 0.445182,
	0.790198 0.443327,
	0.793165 0.442214,
	0.799101 0.441101,
	0.805037 0.441101,
	0.816908 0.442956,
	0.828409 0.447779,
	0.83991 0.454085,
	0.840652 0.454085,
	0.846216 0.458166,
	0.851039 0.461876,
	0.861056 0.471522,
	0.871072 0.481909,
	0.876637 0.487474,
	0.880718 0.492297,
	0.885541 0.49712,
	0.888138 0.500087,
	0.892589 0.504539,
	0.901864 0.514927,
	0.907058 0.520863,
	0.911139 0.525685,
	0.91559 0.53125,
	0.917445 0.534218,
	0.918187 0.534589,
	0.918187 0.535331,
	0.922268 0.540896,
	0.928946 0.552025,
	0.930801 0.554993,
	0.931172 0.556477,
	0.938221 0.568349,
	0.938962 0.569833,
	0.939704 0.570575,
	0.942301 0.57651,
	0.942672 0.577994,
	0.943785 0.579478,
	0.944156 0.580962,
	0.945269 0.582446,
	0.94564 0.58393,
	0.947495 0.586898,
	0.948237 0.588382,
	0.948237 0.589124,
	0.950092 0.592092,
	0.950463 0.593576,
	0.951205 0.593947,
	0.951576 0.595431,
	0.953431 0.598398,
	0.954544 0.599882,
	0.955657 0.602479,
	0.956028 0.603963,
	0.957141 0.605447,
	0.957512 0.606931,
	0.958254 0.607673,
	0.96048 0.613609,
	0.961222 0.615093,
	0.961222 0.615835,
	0.961964 0.616577,
	0.964189 0.622512,
	0.964931 0.623996,
	0.964931 0.624738,
	0.965673 0.62548,
	0.969012 0.637352,
	0.969012 0.643288,
	0.96827 0.649223,
	0.96827 0.650707,
	0.967157 0.653675,
	0.965302 0.656643,
	0.96456 0.657756,
	0.958625 0.662208,
	0.955657 0.663692,
	0.954173 0.664063,
	0.953431 0.664805,
	0.950463 0.665547,
	0.944527 0.665547,
	0.938591 0.664434,
	0.935624 0.664434,
	0.932656 0.663321,
	0.92672 0.66295,
	0.920784 0.661095,
	0.914848 0.658498,
	0.908913 0.654046,
	0.908171 0.654046,
	0.902606 0.649223,
	0.898896 0.644401,
	0.897412 0.642917,
	0.88888 0.631416,
	0.883686 0.626222,
	0.882573 0.624738,
	0.882573 0.623996,
	0.878492 0.619174,
	0.87404 0.613238,
	0.869959 0.608415,
	0.868475 0.605818,
	0.866991 0.604334,
	0.866991 0.603592,
	0.859201 0.592092,
	0.855491 0.586527,
	0.849184 0.575026,
	0.842135 0.563526,
	0.826183 0.540525,
	0.822102 0.535331,
	0.820618 0.534218,
	0.819876 0.533105,
	0.817279 0.530137,
	0.812457 0.525685,
	0.810231 0.52346,
	0.804666 0.519008,
	0.801698 0.516782,
	0.800214 0.515298,
	0.797246 0.513443,
	0.792053 0.50862,
	0.789827 0.506394,
	0.785004 0.500829,
	0.782036 0.498233,
	0.780181 0.495265,
	0.777584 0.492297,
	0.777584 0.491555,
	0.776471 0.490442,
	0.771648 0.478941,
	0.771648 0.477457,
	"/>
</Transform>

</Section>