<?xml version="1.0"?>
<!DOCTYPE Section SYSTEM "section.dtd">

<Section index="26" thickness="0.05" alignLocked="true">
<Transform dim="0"
 xcoef=" 0 1 0 0 0 0"
 ycoef=" 0 0 1 0 0 0">
<Image mag="0.00254" contrast="1" brightness="0" red="true" green="true" blue="true"
 src="../images/mystery2_26.jpg" />
<Contour name="domain1" hidden="false" closed="true" simplified="false" border="1 0 1" fill="1 0 1" mode="11"
 points="0 0,
	511 0,
	511 399,
	0 399,
	"/>
</Transform>

<Transform dim="0"
 xcoef=" 0 1 0 0 0 0"
 ycoef=" 0 0 1 0 0 0">
<Contour name="Mystery_Object_2" hidden="false" closed="true" simplified="true" border="1 0 1" fill="1 0 1" mode="9"
 points="0.275654 0.485371,
	0.277715 0.42676,
	0.278172 0.419434,
	0.278172 0.417602,
	0.284812 0.402949,
	0.300152 0.373644,
	0.304273 0.366318,
	0.313888 0.351665,
	0.316178 0.348002,
	0.317323 0.34617,
	0.324191 0.338844,
	0.338615 0.324191,
	0.345941 0.317323,
	0.353268 0.311141,
	0.356931 0.308165,
	0.358762 0.306791,
	0.373415 0.299007,
	0.380741 0.295115,
	0.388068 0.290765,
	0.391731 0.288704,
	0.393563 0.287559,
	0.408215 0.282065,
	0.422868 0.275883,
	0.426531 0.273822,
	0.433857 0.268786,
	0.437521 0.266267,
	0.439352 0.264665,
	0.443702 0.257567,
	0.445534 0.253904,
	0.446221 0.239251,
	0.446679 0.23742,
	0.446908 0.236504,
	0.44851 0.234672,
	0.449426 0.233756,
	0.453089 0.23307,
	0.456752 0.232841,
	0.460416 0.232154,
	0.467742 0.229864,
	0.469573 0.229406,
	0.4769 0.226201,
	0.480563 0.22437,
	0.487889 0.219791,
	0.489721 0.218646,
	0.497047 0.216127,
	0.50071 0.214983,
	0.515363 0.212693,
	0.519026 0.212235,
	0.520858 0.211777,
	0.528184 0.211777,
	0.531847 0.211777,
	0.539174 0.212922,
	0.542837 0.21338,
	0.55749 0.217043,
	0.572142 0.221393,
	0.575806 0.222309,
	0.579469 0.223912,
	0.594121 0.232154,
	0.601448 0.236504,
	0.616101 0.24612,
	0.623427 0.251385,
	0.630295 0.258712,
	0.63373 0.262375,
	0.656624 0.29168,
	0.662348 0.299007,
	0.665096 0.30267,
	0.669446 0.309996,
	0.676085 0.317323,
	0.679519 0.320986,
	0.694172 0.331975,
	0.697835 0.334723,
	0.699667 0.336096,
	0.705619 0.343423,
	0.708596 0.347086,
	0.718212 0.361739,
	0.72073 0.365402,
	0.727827 0.380055,
	0.74042 0.40936,
	0.746601 0.424013,
	0.748204 0.427676,
	0.750493 0.435002,
	0.752096 0.442329,
	0.753241 0.449655,
	0.754385 0.464308,
	0.754614 0.471634,
	0.753928 0.486287,
	0.753928 0.48995,
	0.753241 0.493613,
	0.753241 0.497276,
	0.745914 0.511929,
	0.742251 0.519255,
	0.74042 0.522918,
	0.729659 0.537571,
	0.719585 0.552224,
	0.712946 0.55955,
	0.69898 0.574203,
	0.686388 0.588856,
	0.680206 0.596182,
	0.67723 0.599845,
	0.647924 0.624343,
	0.618619 0.643345,
	0.614956 0.645406,
	0.600303 0.651816,
	0.58565 0.65754,
	0.578324 0.659372,
	0.563671 0.661432,
	0.556345 0.662348,
	0.541692 0.666698,
	0.534366 0.668988,
	0.50506 0.679519,
	0.497734 0.682267,
	0.494071 0.68364,
	0.486745 0.685014,
	0.483081 0.685701,
	0.475755 0.686159,
	0.461102 0.685472,
	0.453776 0.685014,
	0.439123 0.682954,
	0.431797 0.68158,
	0.417144 0.67723,
	0.402492 0.669446,
	0.398828 0.667614,
	0.396997 0.666698,
	0.38967 0.65983,
	0.382344 0.653648,
	0.367691 0.644719,
	0.364028 0.642201,
	0.356702 0.63808,
	0.35487 0.636935,
	0.353954 0.636477,
	0.346857 0.62938,
	0.334494 0.614727,
	0.31137 0.585421,
	0.306791 0.578095,
	0.305417 0.576263,
	0.291223 0.546958,
	0.287788 0.539632,
	0.283209 0.524979,
	0.278172 0.510326,
	0.277486 0.508495,
	0.276112 0.501168,
	0.275654 0.499337,
	0.275654 0.49201,
	0.275654 0.488347,
	0.275654 0.486516,
	0.275654 0.4856,
	"/>
</Transform>

</Section>