<?xml version="1.0"?>
<!DOCTYPE Section SYSTEM "section.dtd">

<Section index="17" thickness="0.05" alignLocked="true">
<Transform dim="0"
 xcoef=" 0 1 0 0 0 0"
 ycoef=" 0 0 1 0 0 0">
<Image mag="0.00254" contrast="1" brightness="0" red="true" green="true" blue="true"
 src="../images/mystery2_17.jpg" />
<Contour name="domain1" hidden="false" closed="true" simplified="false" border="1 0 1" fill="1 0 1" mode="11"
 points="0 0,
	511 0,
	511 399,
	0 399,
	"/>
</Transform>

<Transform dim="0"
 xcoef=" 0 1 0 0 0 0"
 ycoef=" 0 0 1 0 0 0">
<Contour name="Mystery_Object_2" comment="dusten_traced_2018.05.24" hidden="false" closed="true" simplified="true" border="1 0 1" fill="1 0 1" mode="9"
 points="0.16401 0.54556,
	0.165255 0.535601,
	0.165878 0.533111,
	0.1665 0.531866,
	0.167434 0.521907,
	0.167122 0.516928,
	0.167434 0.511948,
	0.169301 0.506969,
	0.172724 0.50199,
	0.17677 0.49701,
	0.181749 0.492964,
	0.186729 0.490786,
	0.191708 0.490475,
	0.194198 0.490786,
	0.195443 0.490786,
	0.200422 0.493276,
	0.205402 0.496699,
	0.21007 0.501678,
	0.21256 0.504168,
	0.217539 0.514127,
	0.219718 0.519106,
	0.221274 0.529065,
	0.220963 0.534045,
	0.220963 0.53529,
	0.220029 0.537779,
	0.219406 0.542759,
	0.219095 0.545248,
	0.219406 0.547738,
	0.215983 0.557697,
	0.213493 0.562676,
	0.21256 0.565166,
	0.208514 0.570146,
	0.206024 0.572324,
	0.203535 0.57388,
	0.198555 0.574814,
	0.188596 0.574503,
	0.183617 0.574191,
	0.178637 0.571702,
	0.173658 0.567656,
	0.171168 0.565477,
	0.169923 0.564233,
	0.166811 0.559253,
	0.165566 0.556763,
	0.164321 0.551784,
	0.16401 0.546805,
	0.16401 0.545871,
	"/>
</Transform>

<Transform dim="0"
 xcoef=" 0 1 0 0 0 0"
 ycoef=" 0 0 1 0 0 0">
<Contour name="Mystery_Object_2" comment="dusten_traced_2018.05.24" hidden="false" closed="true" simplified="true" border="1 0 1" fill="1 0 1" mode="9"
 points="0.189744 0.639792,
	0.191735 0.63581,
	0.19273 0.633819,
	0.200694 0.626353,
	0.204675 0.622869,
	0.220602 0.612417,
	0.228566 0.608187,
	0.244493 0.607191,
	0.252456 0.606694,
	0.254447 0.606445,
	0.270374 0.608436,
	0.278338 0.609431,
	0.280328 0.60968,
	0.288292 0.608933,
	0.292274 0.608436,
	0.296255 0.606694,
	0.312182 0.597735,
	0.316164 0.595744,
	0.318155 0.594499,
	0.318653 0.594002,
	0.319648 0.586038,
	0.320146 0.582056,
	0.319897 0.580066,
	0.317408 0.572102,
	0.314422 0.564139,
	0.310938 0.556175,
	0.309445 0.552193,
	0.308698 0.550203,
	0.30621 0.546221,
	0.305463 0.545225,
	0.30397 0.541244,
	0.303224 0.539253,
	0.300237 0.535271,
	0.298744 0.53328,
	0.298246 0.532782,
	0.297002 0.524819,
	0.296255 0.520837,
	0.295509 0.50491,
	0.29526 0.496947,
	0.295011 0.492965,
	0.295758 0.485001,
	0.296007 0.48102,
	0.302726 0.465093,
	0.30621 0.457129,
	0.32363 0.425275,
	0.326865 0.417312,
	0.343539 0.385458,
	0.344534 0.383467,
	0.355733 0.36754,
	0.358968 0.363558,
	0.366931 0.357337,
	0.370913 0.354102,
	0.378877 0.349373,
	0.382858 0.346885,
	0.414712 0.333197,
	0.430639 0.326478,
	0.434621 0.324985,
	0.442585 0.321003,
	0.446566 0.319012,
	0.448557 0.318017,
	0.456521 0.315777,
	0.464484 0.311796,
	0.46548 0.311298,
	0.471452 0.303334,
	0.474439 0.299353,
	0.479416 0.291389,
	0.4829 0.283426,
	0.484642 0.279444,
	0.48713 0.275462,
	0.488375 0.273471,
	0.488872 0.272476,
	0.504799 0.257544,
	0.512763 0.253065,
	0.516745 0.250825,
	0.520726 0.24759,
	0.522717 0.245848,
	0.523713 0.244852,
	0.531676 0.242364,
	0.535658 0.24112,
	0.567512 0.2344,
	0.583439 0.231165,
	0.599366 0.228428,
	0.615293 0.226188,
	0.619275 0.226188,
	0.621265 0.226188,
	0.629229 0.223202,
	0.633211 0.221709,
	0.641174 0.217727,
	0.645156 0.215736,
	0.649138 0.213247,
	0.651129 0.212003,
	0.65511 0.21051,
	0.656106 0.210261,
	0.658097 0.208519,
	0.660087 0.207772,
	0.664069 0.207026,
	0.672033 0.203293,
	0.679996 0.2018,
	0.683978 0.201053,
	0.699905 0.199809,
	0.731759 0.194085,
	0.73375 0.193836,
	0.737731 0.194334,
	0.739722 0.194583,
	0.755649 0.19309,
	0.759631 0.192592,
	0.760378 0.192592,
	0.763115 0.192841,
	0.767097 0.193587,
	0.769088 0.194085,
	0.771079 0.194085,
	0.773069 0.194583,
	0.781033 0.194832,
	0.785015 0.194583,
	0.78601 0.194832,
	0.788001 0.194583,
	0.795964 0.195329,
	0.799946 0.195081,
	0.801937 0.195081,
	0.802186 0.195081,
	0.804923 0.195578,
	0.808905 0.196325,
	0.812887 0.196574,
	0.813882 0.196325,
	0.817864 0.197072,
	0.819855 0.197072,
	0.82085 0.19732,
	0.821846 0.197072,
	0.823837 0.197569,
	0.824832 0.19732,
	0.826823 0.197569,
	0.827818 0.197818,
	0.828316 0.197569,
	0.830307 0.198067,
	0.832298 0.198067,
	0.840261 0.200556,
	0.841257 0.200556,
	0.84922 0.203293,
	0.853202 0.204537,
	0.855193 0.205533,
	0.859175 0.206777,
	0.867138 0.210012,
	0.869129 0.211008,
	0.87112 0.211505,
	0.879083 0.214741,
	0.880079 0.215238,
	0.88207 0.215487,
	0.886051 0.217478,
	0.888042 0.218225,
	0.896006 0.223202,
	0.903969 0.228925,
	0.907702 0.232409,
	0.911684 0.235147,
	0.913675 0.23664,
	0.915666 0.237636,
	0.92338 0.244355,
	0.931344 0.250078,
	0.935326 0.253065,
	0.939058 0.257047,
	0.952497 0.272974,
	0.9627 0.288901,
	0.967677 0.296864,
	0.976138 0.312791,
	0.980369 0.320754,
	0.98236 0.324736,
	0.993807 0.35659,
	0.999531 0.372517,
	1.00102 0.376499,
	1.00277 0.384462,
	1.00351 0.388444,
	1.00376 0.404371,
	1.00351 0.420298,
	1.00302 0.428262,
	1.00351 0.436225,
	1.00376 0.440207,
	1.00152 0.472061,
	1.00127 0.474052,
	0.986591 0.505906,
	0.982858 0.513869,
	0.977383 0.521833,
	0.974645 0.525814,
	0.967926 0.533778,
	0.964442 0.53776,
	0.952497 0.553687,
	0.946524 0.56165,
	0.943289 0.565632,
	0.939307 0.569614,
	0.937316 0.571356,
	0.933335 0.573844,
	0.929353 0.577328,
	0.921389 0.582554,
	0.917408 0.585541,
	0.909444 0.593255,
	0.905711 0.596988,
	0.895508 0.612915,
	0.894264 0.614906,
	0.89302 0.618888,
	0.892522 0.622869,
	0.89302 0.630833,
	0.893517 0.634815,
	0.892522 0.650742,
	0.892024 0.658705,
	0.891775 0.662687,
	0.89302 0.67065,
	0.893517 0.674632,
	0.89078 0.678614,
	0.889535 0.680605,
	0.888291 0.684586,
	0.882816 0.69255,
	0.880079 0.696532,
	0.876097 0.704495,
	0.874106 0.708477,
	0.872862 0.710468,
	0.857433 0.726395,
	0.849718 0.734358,
	0.846483 0.73834,
	0.841008 0.746303,
	0.838022 0.750285,
	0.830556 0.758249,
	0.826823 0.76223,
	0.81886 0.767208,
	0.802933 0.775918,
	0.787006 0.785374,
	0.779042 0.790352,
	0.763115 0.798564,
	0.747188 0.806279,
	0.739225 0.81026,
	0.723298 0.81897,
	0.719316 0.82121,
	0.717325 0.822205,
	0.701398 0.826187,
	0.693435 0.828178,
	0.691444 0.828676,
	0.675517 0.828676,
	0.667553 0.828676,
	0.65959 0.827929,
	0.643663 0.825192,
	0.639681 0.824445,
	0.631718 0.820712,
	0.623754 0.817477,
	0.615791 0.816233,
	0.611809 0.814989,
	0.603845 0.811256,
	0.599864 0.809016,
	0.5919 0.803043,
	0.587918 0.800057,
	0.575475 0.78413,
	0.569503 0.776167,
	0.562784 0.768203,
	0.54835 0.752276,
	0.544866 0.748294,
	0.543124 0.746303,
	0.532423 0.730376,
	0.531178 0.728386,
	0.527694 0.724404,
	0.526201 0.722413,
	0.52222 0.720173,
	0.514256 0.716689,
	0.506293 0.71445,
	0.502311 0.713454,
	0.486384 0.719427,
	0.47842 0.722413,
	0.462493 0.729879,
	0.45453 0.733612,
	0.446566 0.737842,
	0.442585 0.740082,
	0.438603 0.741575,
	0.436612 0.742819,
	0.43263 0.746552,
	0.428648 0.748792,
	0.396795 0.762728,
	0.380868 0.769447,
	0.349014 0.787614,
	0.34105 0.792591,
	0.333087 0.798315,
	0.325123 0.801301,
	0.321141 0.802546,
	0.313178 0.801799,
	0.309196 0.801301,
	0.308201 0.801052,
	0.292274 0.790849,
	0.288292 0.787863,
	0.265646 0.756009,
	0.26042 0.748045,
	0.253701 0.740082,
	0.250465 0.7361,
	0.245239 0.728137,
	0.231801 0.71221,
	0.225082 0.704246,
	0.213883 0.688319,
	0.210897 0.684338,
	0.207413 0.676374,
	0.205671 0.672392,
	0.200942 0.664429,
	0.198454 0.660447,
	0.197956 0.659452,
	0.197707 0.659203,
	0.196712 0.660198,
	0.196214 0.660696,
	0.19049 0.644769,
	0.189744 0.640787,
	0.189744 0.640041,
	"/>
</Transform>

</Section>