<?xml version="1.0"?>
<!DOCTYPE Section SYSTEM "section.dtd">

<Section index="24" thickness="0.05" alignLocked="true">
<Transform dim="0"
 xcoef=" 0 1 0 0 0 0"
 ycoef=" 0 0 1 0 0 0">
<Image mag="0.00254" contrast="1" brightness="0" red="true" green="true" blue="true"
 src="../images/mystery2_24.jpg" />
<Contour name="domain1" hidden="false" closed="true" simplified="false" border="1 0 1" fill="1 0 1" mode="11"
 points="0 0,
	511 0,
	511 399,
	0 399,
	"/>
</Transform>

<Transform dim="0"
 xcoef=" 0 1 0 0 0 0"
 ycoef=" 0 0 1 0 0 0">
<Contour name="domain2" hidden="false" closed="true" simplified="true" border="1 0 1" fill="1 0 1" mode="9"
 points="0.261077 0.472399,
	0.263752 0.438159,
	0.264287 0.42104,
	0.264822 0.41248,
	0.268567 0.39536,
	0.269637 0.39108,
	0.284616 0.35684,
	0.288361 0.348281,
	0.289966 0.344001,
	0.301736 0.326881,
	0.304411 0.322601,
	0.311901 0.314041,
	0.314041 0.311901,
	0.322601 0.307086,
	0.331161 0.301201,
	0.348281 0.292106,
	0.35256 0.291036,
	0.36112 0.285151,
	0.3654 0.281941,
	0.36968 0.279801,
	0.37182 0.279266,
	0.37396 0.277661,
	0.38252 0.274986,
	0.3868 0.274986,
	0.39536 0.272846,
	0.40392 0.271776,
	0.40606 0.271776,
	0.41462 0.268032,
	0.4189 0.265892,
	0.42104 0.265357,
	0.429599 0.265892,
	0.438159 0.265357,
	0.446719 0.263752,
	0.450999 0.263217,
	0.453139 0.262682,
	0.461699 0.263217,
	0.478819 0.262147,
	0.483099 0.261612,
	0.491659 0.262147,
	0.508778 0.261077,
	0.517338 0.261077,
	0.521618 0.260542,
	0.525898 0.261077,
	0.530178 0.260542,
	0.538738 0.261077,
	0.543018 0.260542,
	0.560138 0.262147,
	0.564418 0.262147,
	0.568698 0.263752,
	0.602937 0.266427,
	0.620057 0.269102,
	0.637177 0.270172,
	0.641457 0.271242,
	0.645737 0.271242,
	0.647877 0.271776,
	0.648947 0.271776,
	0.650017 0.272846,
	0.652157 0.272846,
	0.654297 0.273916,
	0.655367 0.273916,
	0.657507 0.275521,
	0.661786 0.277126,
	0.696026 0.297991,
	0.704586 0.303341,
	0.708866 0.305481,
	0.725986 0.320996,
	0.734546 0.329556,
	0.737755 0.333836,
	0.739895 0.338116,
	0.746315 0.346676,
	0.75541 0.363795,
	0.77146 0.398035,
	0.785905 0.432274,
	0.79179 0.449394,
	0.794465 0.466514,
	0.793395 0.483634,
	0.793395 0.492194,
	0.79286 0.496474,
	0.79286 0.498614,
	0.790185 0.507173,
	0.788045 0.511453,
	0.78537 0.520013,
	0.77788 0.537133,
	0.774135 0.545693,
	0.77146 0.549973,
	0.77039 0.552113,
	0.7629 0.560673,
	0.75969 0.564953,
	0.75969 0.566023,
	0.752735 0.574583,
	0.748455 0.578863,
	0.74578 0.583142,
	0.737755 0.591167,
	0.733476 0.595447,
	0.716356 0.608822,
	0.707796 0.615242,
	0.703516 0.617917,
	0.694956 0.625942,
	0.688001 0.634502,
	0.683721 0.638782,
	0.675161 0.645737,
	0.670881 0.647877,
	0.662321 0.653762,
	0.653762 0.658042,
	0.645202 0.661251,
	0.636642 0.663391,
	0.632362 0.663926,
	0.623802 0.667136,
	0.619522 0.668741,
	0.618452 0.669811,
	0.617382 0.669811,
	0.615242 0.671416,
	0.610962 0.673021,
	0.606682 0.675696,
	0.602402 0.677301,
	0.600262 0.677836,
	0.598122 0.679441,
	0.595982 0.679976,
	0.591702 0.682651,
	0.589562 0.684256,
	0.587422 0.684791,
	0.583142 0.687466,
	0.578863 0.689071,
	0.574583 0.691746,
	0.570303 0.693351,
	0.568163 0.694956,
	0.566023 0.695491,
	0.561743 0.698166,
	0.559603 0.698701,
	0.557463 0.700306,
	0.553183 0.701911,
	0.551043 0.702981,
	0.546763 0.703516,
	0.544623 0.704586,
	0.536063 0.705656,
	0.527503 0.705656,
	0.523223 0.706191,
	0.521083 0.705656,
	0.516803 0.706191,
	0.508243 0.705656,
	0.503963 0.705121,
	0.495404 0.706726,
	0.486844 0.707261,
	0.482564 0.708331,
	0.480424 0.708866,
	0.463304 0.707261,
	0.446184 0.704051,
	0.437624 0.702446,
	0.433344 0.701911,
	0.429064 0.700306,
	0.42532 0.697631,
	0.42104 0.697096,
	0.41676 0.694956,
	0.41462 0.694421,
	0.41034 0.691746,
	0.4082 0.690141,
	0.40713 0.690141,
	0.405525 0.688001,
	0.401245 0.685326,
	0.399105 0.683721,
	0.394825 0.682116,
	0.386265 0.676231,
	0.381985 0.674091,
	0.377705 0.670881,
	0.376635 0.670881,
	0.368075 0.663926,
	0.350955 0.652157,
	0.342396 0.645202,
	0.333836 0.637177,
	0.329556 0.632897,
	0.317786 0.615777,
	0.315111 0.611497,
	0.314041 0.609357,
	0.310296 0.605077,
	0.300666 0.587957,
	0.299061 0.585817,
	0.298526 0.583677,
	0.296921 0.581537,
	0.295851 0.580468,
	0.295851 0.579398,
	0.288361 0.570838,
	0.283011 0.562278,
	0.279801 0.558533,
	0.278731 0.560138,
	0.274986 0.551578,
	0.272846 0.547298,
	0.270707 0.538738,
	0.269637 0.530178,
	0.269102 0.528038,
	0.268567 0.526968,
	0.269102 0.524828,
	0.266427 0.516268,
	0.263217 0.499149,
	0.262147 0.490589,
	0.261077 0.486309,
	0.261077 0.477749,
	0.261077 0.473469,
	0.261077 0.472934,
	"/>
</Transform>

</Section>